5.000000000000000000e+02
1.000000000000000000e+03
1.500000000000000000e+03
2.000000000000000000e+03
2.500000000000000000e+03
3.000000000000000000e+03
3.500000000000000000e+03
4.000000000000000000e+03
4.455000000000000000e+03
4.955000000000000000e+03
5.455000000000000000e+03
5.955000000000000000e+03
6.396000000000000000e+03
6.896000000000000000e+03
7.396000000000000000e+03
7.857000000000000000e+03
8.172000000000000000e+03
8.589000000000000000e+03
8.896000000000000000e+03
9.255000000000000000e+03
9.547000000000000000e+03
9.871000000000000000e+03
1.017700000000000000e+04
1.049900000000000000e+04
1.091600000000000000e+04
1.128900000000000000e+04
1.164800000000000000e+04
1.196000000000000000e+04
1.227600000000000000e+04
1.264600000000000000e+04
1.289600000000000000e+04
1.323400000000000000e+04
1.358900000000000000e+04
1.389700000000000000e+04
1.419500000000000000e+04
1.446100000000000000e+04
1.470500000000000000e+04
1.504600000000000000e+04
1.530600000000000000e+04
1.556100000000000000e+04
1.583600000000000000e+04
1.606700000000000000e+04
1.637900000000000000e+04
1.666000000000000000e+04
1.691300000000000000e+04
1.718300000000000000e+04
1.744300000000000000e+04
1.770400000000000000e+04
1.797000000000000000e+04
1.828400000000000000e+04
1.853500000000000000e+04
1.875300000000000000e+04
1.899600000000000000e+04
1.925200000000000000e+04
1.947800000000000000e+04
1.973900000000000000e+04
1.997100000000000000e+04
2.022700000000000000e+04
2.047700000000000000e+04
2.071400000000000000e+04
2.091900000000000000e+04
2.118200000000000000e+04
2.138600000000000000e+04
2.161600000000000000e+04
2.187500000000000000e+04
2.209000000000000000e+04
2.233800000000000000e+04
2.258800000000000000e+04
2.285400000000000000e+04
2.309700000000000000e+04
2.332100000000000000e+04
2.353300000000000000e+04
2.379200000000000000e+04
2.403300000000000000e+04
2.426100000000000000e+04
2.448900000000000000e+04
2.474500000000000000e+04
2.498300000000000000e+04
2.521800000000000000e+04
2.547400000000000000e+04
2.570800000000000000e+04
2.594500000000000000e+04
2.620400000000000000e+04
2.643200000000000000e+04
2.665900000000000000e+04
2.691000000000000000e+04
2.714600000000000000e+04
2.742400000000000000e+04
2.764700000000000000e+04
2.787700000000000000e+04
2.809300000000000000e+04
2.834100000000000000e+04
2.856700000000000000e+04
2.878700000000000000e+04
2.903300000000000000e+04
2.924800000000000000e+04
2.950700000000000000e+04
2.977200000000000000e+04
3.001600000000000000e+04
3.032800000000000000e+04
3.060200000000000000e+04
3.088300000000000000e+04
3.112300000000000000e+04
3.137400000000000000e+04
3.162900000000000000e+04
3.187800000000000000e+04
3.217100000000000000e+04
3.243600000000000000e+04
3.269000000000000000e+04
3.294500000000000000e+04
3.322400000000000000e+04
3.345500000000000000e+04
3.364400000000000000e+04
3.389000000000000000e+04
3.410400000000000000e+04
3.434200000000000000e+04
3.457300000000000000e+04
3.480500000000000000e+04
3.504300000000000000e+04
3.529500000000000000e+04
3.550300000000000000e+04
3.571000000000000000e+04
3.595700000000000000e+04
3.620900000000000000e+04
3.651700000000000000e+04
3.681100000000000000e+04
3.709300000000000000e+04
3.730400000000000000e+04
3.755900000000000000e+04
3.780000000000000000e+04
3.808900000000000000e+04
3.831900000000000000e+04
3.856200000000000000e+04
3.879200000000000000e+04
3.905300000000000000e+04
3.930800000000000000e+04
3.955500000000000000e+04
3.982300000000000000e+04
4.010600000000000000e+04
4.035600000000000000e+04
4.067500000000000000e+04
4.096900000000000000e+04
4.121400000000000000e+04
4.149500000000000000e+04
4.173600000000000000e+04
4.199900000000000000e+04
4.225700000000000000e+04
4.259100000000000000e+04
4.290800000000000000e+04
4.322300000000000000e+04
4.350300000000000000e+04
4.373600000000000000e+04
4.398100000000000000e+04
4.432000000000000000e+04
4.460000000000000000e+04
4.489800000000000000e+04
4.522800000000000000e+04
4.551200000000000000e+04
4.601200000000000000e+04
4.647300000000000000e+04
4.667400000000000000e+04
4.688300000000000000e+04
4.715600000000000000e+04
4.744400000000000000e+04
4.770800000000000000e+04
4.796600000000000000e+04
4.816800000000000000e+04
4.843300000000000000e+04
4.869600000000000000e+04
4.895500000000000000e+04
4.926700000000000000e+04
4.952200000000000000e+04
4.976800000000000000e+04
5.006100000000000000e+04
5.035200000000000000e+04
5.069300000000000000e+04
5.108300000000000000e+04
5.131800000000000000e+04
5.158700000000000000e+04
5.183800000000000000e+04
5.204200000000000000e+04
5.226400000000000000e+04
5.255600000000000000e+04
5.278100000000000000e+04
5.301700000000000000e+04
5.324800000000000000e+04
5.374800000000000000e+04
5.403000000000000000e+04
5.423500000000000000e+04
5.444400000000000000e+04
5.468800000000000000e+04
5.492100000000000000e+04
5.515700000000000000e+04
5.538700000000000000e+04
5.561300000000000000e+04
5.582700000000000000e+04
5.610500000000000000e+04
5.633300000000000000e+04
5.653900000000000000e+04
5.673800000000000000e+04
5.699100000000000000e+04
5.720300000000000000e+04
5.743700000000000000e+04
5.767800000000000000e+04
5.793500000000000000e+04
5.814200000000000000e+04
5.835600000000000000e+04
5.864500000000000000e+04
5.886800000000000000e+04
5.947900000000000000e+04
5.971800000000000000e+04
5.993900000000000000e+04
6.019000000000000000e+04
6.041800000000000000e+04
6.067500000000000000e+04
6.089600000000000000e+04
6.111100000000000000e+04
6.134100000000000000e+04
6.161800000000000000e+04
6.187400000000000000e+04
6.211500000000000000e+04
6.235600000000000000e+04
6.263000000000000000e+04
6.289700000000000000e+04
6.315600000000000000e+04
6.343200000000000000e+04
6.363500000000000000e+04
6.387300000000000000e+04
6.406200000000000000e+04
6.429200000000000000e+04
6.453600000000000000e+04
6.479500000000000000e+04
6.502900000000000000e+04
6.522200000000000000e+04
6.546600000000000000e+04
6.568900000000000000e+04
6.588400000000000000e+04
6.610900000000000000e+04
6.634300000000000000e+04
6.660500000000000000e+04
6.681800000000000000e+04
6.702700000000000000e+04
6.726200000000000000e+04
6.747500000000000000e+04
6.772700000000000000e+04
6.792700000000000000e+04
6.815100000000000000e+04
6.836000000000000000e+04
6.855600000000000000e+04
6.875500000000000000e+04
6.897400000000000000e+04
6.920800000000000000e+04
6.940900000000000000e+04
6.963500000000000000e+04
6.985500000000000000e+04
7.006700000000000000e+04
7.032800000000000000e+04
7.054200000000000000e+04
7.073100000000000000e+04
7.097600000000000000e+04
7.119800000000000000e+04
7.140200000000000000e+04
7.162300000000000000e+04
7.182500000000000000e+04
7.202300000000000000e+04
7.224600000000000000e+04
7.256300000000000000e+04
7.281400000000000000e+04
7.302500000000000000e+04
7.323400000000000000e+04
7.344700000000000000e+04
7.367000000000000000e+04
7.386700000000000000e+04
7.407400000000000000e+04
7.428800000000000000e+04
7.450000000000000000e+04
7.471300000000000000e+04
7.493000000000000000e+04
7.517400000000000000e+04
7.539200000000000000e+04
7.560600000000000000e+04
7.583000000000000000e+04
7.604600000000000000e+04
7.628100000000000000e+04
7.652600000000000000e+04
7.674800000000000000e+04
7.695000000000000000e+04
7.717000000000000000e+04
7.738300000000000000e+04
7.764800000000000000e+04
7.785000000000000000e+04
7.806400000000000000e+04
7.826300000000000000e+04
7.847800000000000000e+04
7.868000000000000000e+04
7.890600000000000000e+04
7.913800000000000000e+04
7.935800000000000000e+04
7.958000000000000000e+04
7.980300000000000000e+04
8.003200000000000000e+04
8.025300000000000000e+04
8.044500000000000000e+04
8.069900000000000000e+04
8.091100000000000000e+04
8.113100000000000000e+04
8.135800000000000000e+04
8.157700000000000000e+04
8.181200000000000000e+04
8.200800000000000000e+04
8.226700000000000000e+04
8.250200000000000000e+04
8.272300000000000000e+04
8.297800000000000000e+04
8.322900000000000000e+04
8.343800000000000000e+04
8.364200000000000000e+04
8.387200000000000000e+04
8.408500000000000000e+04
8.432700000000000000e+04
8.453100000000000000e+04
8.474700000000000000e+04
8.499600000000000000e+04
8.522700000000000000e+04
8.543100000000000000e+04
8.562900000000000000e+04
8.586800000000000000e+04
8.607400000000000000e+04
8.625700000000000000e+04
8.646800000000000000e+04
8.670700000000000000e+04
8.689100000000000000e+04
8.710500000000000000e+04
8.730200000000000000e+04
8.750600000000000000e+04
8.772400000000000000e+04
8.792100000000000000e+04
8.815700000000000000e+04
8.837900000000000000e+04
8.860700000000000000e+04
8.877700000000000000e+04
8.909500000000000000e+04
8.927800000000000000e+04
8.949100000000000000e+04
8.971400000000000000e+04
8.992900000000000000e+04
9.017800000000000000e+04
9.041200000000000000e+04
9.071200000000000000e+04
9.103500000000000000e+04
9.130700000000000000e+04
9.170600000000000000e+04
9.205000000000000000e+04
9.235600000000000000e+04
9.260800000000000000e+04
9.298700000000000000e+04
9.319800000000000000e+04
9.342100000000000000e+04
9.370500000000000000e+04
9.412500000000000000e+04
9.462500000000000000e+04
9.491900000000000000e+04
9.511300000000000000e+04
9.539600000000000000e+04
9.573100000000000000e+04
9.618400000000000000e+04
9.648700000000000000e+04
9.674900000000000000e+04
9.724900000000000000e+04
9.762900000000000000e+04
9.793100000000000000e+04
9.830300000000000000e+04
9.855400000000000000e+04
9.879200000000000000e+04
9.909700000000000000e+04
9.928800000000000000e+04
9.949800000000000000e+04
9.972900000000000000e+04
9.992800000000000000e+04