3.942432399635436013e+00
-7.291279092454351485e+01
-6.570850344163773116e+01
8.440834164619445801e+00
1.588595005741808563e+01
2.621617270167917013e+01
-2.208905265014618635e+01
-6.151911897867103107e+01
-4.806032310251612216e+01
-4.405881099861289840e+01
-2.367685457895277068e+01
5.061347358272178099e+01
-9.578956740349531174e+01
-4.673498660931363702e+01
-7.117917319200932980e+01
-3.875232780411897693e+01
-7.511750925317755900e+01
-8.556502390652894974e+01
-9.126983679272234440e+01
-3.737149657309055328e+01
1.668296105694025755e+02
-1.941351023002061993e+01
-5.548369309701956809e+01
2.645029617920517921e+02
-8.345382525026798248e+01
-3.412718892516568303e+01
-1.461465952172875404e+01
-4.677742036245763302e+01
-4.662597831460880116e+01
-1.986160008981823921e+01
-1.202387616566556972e+01
-2.387475581723265350e+00
-9.572965902648866177e+01
-8.817087990883737803e+01
2.398398647215508390e+02
8.259584455434232950e+02
1.140960198105793097e+03
2.822627697009302210e+02
2.831927365700539667e+01
8.659879103032290004e+01
6.388755612453678623e+02
5.348702229582704604e+01
6.411022193172393600e+02
1.705899990997422719e+02
4.084964263817528263e+02
1.084408050538680982e+03
9.489524237759178504e+01
9.549539846272091381e+01
-5.074807733111083508e+01
3.021580317895859480e+01
1.216440246091660811e+02
3.610475756165978964e+02
3.293957525728619657e+02
8.607927741762250662e+02
1.813507487184542697e+02
2.432008281303569674e+01
-4.846971193235367537e+01
3.073885148987174034e+02
3.610607183095999062e+01
1.761520854801638052e+02
2.261452801153063774e+01
-8.190028226748108864e+01
1.178639582038726076e+03
-6.063588309288024902e+01
3.179186604768037796e+02
9.305153840770944953e+02
-7.778877523588016629e+01
4.318743869685567915e+01
6.338592659309506416e+01
-1.609183927625417709e+01
4.375212616566568613e+02
2.912925604961637873e+02
8.999986024928075494e+02
-6.888590043246222194e+01
-5.711063698120415211e+01
-5.120705979410558939e+01
2.230247228032239946e+02
6.794308557733893394e+01
3.732827261162456125e+02
1.122219997174106538e+02
4.453230125514091924e+02
7.510510425381362438e+02
1.979267962360754609e+02
1.276479483172297478e+02
2.701658369243232301e+02
-3.950169058144092560e+01
3.127298100869084010e+02
4.118107994087040424e+01
2.031733011567994254e+02
6.798026210859825369e+02
9.971587344456929713e+02
7.773231018055230379e+01
1.426628700690343976e+00
6.387885473464557435e+02
-1.812791427539195865e+01
5.253580162581056356e+01
-8.374831767752766609e+01
5.691889509324682876e+02
7.646732671229983680e+01
4.023364585172384977e+02
2.154412517445161939e+02
1.338513804830145091e+02
3.318525967680034228e+01
2.266212382521480322e+02
1.817204998177330708e+02
4.198042199903284200e+01
1.865963794691633666e+02
1.979710671268403530e+02
-3.306235658378864173e+01
4.093417086839326657e+02
7.080014694551937282e+01
-5.974891560056130402e+01
3.086309679687547032e+02
4.965994299462618073e+02
3.233531560748815536e+01
7.727709197455260437e+02
1.413400500416755676e+02
4.195333908125758171e+02
1.139348049437685404e+02
1.098014634985476732e+03
4.744051312474330189e+02
-3.949108881317079067e+01
1.881035581052274210e+02
5.112024527488683816e+02
2.523698546099476516e+02
3.920670202278561192e+02
1.420954874982999172e+01
3.049344561337493360e+02
2.510363467908464372e+02
2.036317068310454488e+02
3.524755928218364716e+02
1.030357579728588462e+02
2.379787918091751635e+02
5.435430207382887602e+01
3.116677194051444530e+02
2.668092244209401542e+02
4.330891685676178895e+02
1.929849336476763710e+02
5.116117732113925740e+02
1.325085111389416852e+03
-9.374707735341507941e+01
2.382698049964383245e+02
6.088662397731386591e+02
3.004318673227826366e+02
3.769598657435853966e+02
-6.015530950768152252e+01
3.188900214976602001e+02
-6.380483086621097755e+01
5.659582995502278209e+02
-7.149716113507747650e+01
6.399794395345379598e+02
1.274167630710289814e+02
6.724287524865940213e+01
2.728385304153198376e+01
1.346704727595002623e+03
-5.615543492646247614e+01
-4.427618776541203260e+01
-1.258064456190913916e+01
2.869247625311545562e+02
1.495381271047517657e+02
1.867215030407533050e+02
8.130734953332284931e+01
7.108136136298708152e+01
