4.100000000000000000e+01
5.400000000000000000e+01
6.800000000000000000e+01
1.000000000000000000e+02
1.400000000000000000e+02
1.860000000000000000e+02
2.170000000000000000e+02
2.350000000000000000e+02
2.530000000000000000e+02
2.730000000000000000e+02
3.060000000000000000e+02
3.550000000000000000e+02
3.590000000000000000e+02
3.790000000000000000e+02
3.920000000000000000e+02
4.220000000000000000e+02
4.330000000000000000e+02
4.410000000000000000e+02
4.510000000000000000e+02
4.770000000000000000e+02
5.760000000000000000e+02
6.080000000000000000e+02
6.270000000000000000e+02
7.960000000000000000e+02
8.080000000000000000e+02
8.340000000000000000e+02
8.660000000000000000e+02
8.870000000000000000e+02
9.090000000000000000e+02
9.460000000000000000e+02
9.760000000000000000e+02
1.015000000000000000e+03
1.019000000000000000e+03
1.043000000000000000e+03
1.183000000000000000e+03
1.520000000000000000e+03
1.989000000000000000e+03
2.170000000000000000e+03
2.220000000000000000e+03
2.295000000000000000e+03
2.559000000000000000e+03
2.627000000000000000e+03
2.917000000000000000e+03
3.052000000000000000e+03
3.261000000000000000e+03
3.694000000000000000e+03
3.769000000000000000e+03
3.845000000000000000e+03
3.869000000000000000e+03
3.923000000000000000e+03
4.017000000000000000e+03
4.203000000000000000e+03
4.367000000000000000e+03
4.729000000000000000e+03
4.844000000000000000e+03
4.889000000000000000e+03
4.915000000000000000e+03
5.056000000000000000e+03
5.112000000000000000e+03
5.215000000000000000e+03
5.271000000000000000e+03
5.283000000000000000e+03
5.768000000000000000e+03
5.783000000000000000e+03
5.946000000000000000e+03
6.332000000000000000e+03
6.349000000000000000e+03
6.401000000000000000e+03
6.468000000000000000e+03
6.499000000000000000e+03
6.720000000000000000e+03
6.904000000000000000e+03
7.310000000000000000e+03
7.321000000000000000e+03
7.341000000000000000e+03
7.362000000000000000e+03
7.473000000000000000e+03
7.541000000000000000e+03
7.720000000000000000e+03
7.802000000000000000e+03
7.989000000000000000e+03
8.326000000000000000e+03
8.449000000000000000e+03
8.540000000000000000e+03
8.698000000000000000e+03
8.719000000000000000e+03
8.867000000000000000e+03
8.938000000000000000e+03
9.077000000000000000e+03
9.372000000000000000e+03
9.848000000000000000e+03
9.908000000000000000e+03
9.946000000000000000e+03
1.025300000000000000e+04
1.028400000000000000e+04
1.034000000000000000e+04
1.034900000000000000e+04
1.060600000000000000e+04
1.067200000000000000e+04
1.086000000000000000e+04
1.098300000000000000e+04
1.107700000000000000e+04
1.113300000000000000e+04
1.125000000000000000e+04
1.136400000000000000e+04
1.143400000000000000e+04
1.155900000000000000e+04
1.169500000000000000e+04
1.172800000000000000e+04
1.190400000000000000e+04
1.197400000000000000e+04
1.199500000000000000e+04
1.215100000000000000e+04
1.238500000000000000e+04
1.244700000000000000e+04
1.278300000000000000e+04
1.287300000000000000e+04
1.307800000000000000e+04
1.315600000000000000e+04
1.358600000000000000e+04
1.383100000000000000e+04
1.387000000000000000e+04
1.398600000000000000e+04
1.422100000000000000e+04
1.436600000000000000e+04
1.454900000000000000e+04
1.459100000000000000e+04
1.474000000000000000e+04
1.488400000000000000e+04
1.499400000000000000e+04
1.516000000000000000e+04
1.525200000000000000e+04
1.536800000000000000e+04
1.542500000000000000e+04
1.558400000000000000e+04
1.573000000000000000e+04
1.593800000000000000e+04
1.604900000000000000e+04
1.627400000000000000e+04
1.682700000000000000e+04
1.686500000000000000e+04
1.701400000000000000e+04
1.729500000000000000e+04
1.744100000000000000e+04
1.763300000000000000e+04
1.766200000000000000e+04
1.783700000000000000e+04
1.785200000000000000e+04
1.811200000000000000e+04
1.813200000000000000e+04
1.840200000000000000e+04
1.848600000000000000e+04
1.854600000000000000e+04
1.860000000000000000e+04
1.918100000000000000e+04
1.920500000000000000e+04
1.922500000000000000e+04
1.925600000000000000e+04
1.942000000000000000e+04
1.950700000000000000e+04
1.961800000000000000e+04
1.971200000000000000e+04
1.979300000000000000e+04
