2.227893323890264199e+01 2.206167207151134235e+01 2.357194415847682478e+01
3.421401216768150988e+01 1.232330861222310681e+01 1.267042691886056538e+01
3.638191820721011993e+01 3.358644198620977761e+01 2.886240537654343186e+01
3.985342235967679869e+01 4.376848628993213453e+01 3.408164105697046153e+01
2.720350051374342470e+01 3.338673509544032214e+01 3.586833711531311764e+01
1.804954526706092111e+01 2.615527929963279163e+01 3.504276334158992512e+01
3.736023137720380305e+01 3.778466916748963200e+01 4.134782014425281460e+01
7.202650630387395836e+01 1.866991983047049075e+01 1.491772477292649413e+01
7.667161122534930939e+01 6.300888685588084570e+01 4.322098391676029649e+01
6.206610996431162164e+01 8.463862833163747723e+01 6.422458062296360026e+01
3.992099457908852855e+01 6.083462313013638578e+01 6.697686902733865111e+01
2.617579062687033442e+01 2.692670477973137366e+01 5.447893325731186565e+01
