4.422691129693775203e+00 4.174141963326928995e+00 7.791351803721645375e+00
5.619714877559450095e+00 2.181623722844452384e+00 1.595773785523447952e+00
1.039431931771548001e+01 3.551153827371848593e+00 2.662979571224822983e+00
1.163919733742367413e+01 7.412557155738913828e+00 6.602460518179156246e+00
1.604164363417052153e+00 4.653299478129386380e+00 3.812673977172067907e+00
1.974367437790029767e+00 4.906391450363305928e+00 2.561575681207786559e+00
1.138018556223837585e+01 1.194311841764474735e+01 1.387359597314994097e+01
4.211942547522713909e+00 1.510690941925757036e+00 1.966352101074944292e+00
5.779283497969078809e+00 1.779671991881320192e+00 2.041097050601167862e+00
2.840472008831209649e+00 1.074807571266855533e+01 3.392106513278184909e+00
2.466034979669506466e+00 5.126793955768009781e+00 7.630825703557986728e+00
4.287324750093995718e+00 2.477950026192127897e+00 6.717637433870677910e+00
