1.339664010149945739e+01 1.393288757979311399e+01 1.865199766749843491e+01
2.629957418395723678e+01 6.375209563763394094e+00 8.652544571629150028e+00
2.797544555457200488e+01 2.281417134676030400e+01 1.601805110785069530e+01
3.063694421087507891e+01 2.678044137941364866e+01 2.123309187255533814e+01
7.753711451802385746e+00 1.843823591377809379e+01 1.372565158846552080e+01
1.025284820448389489e+01 1.679823668160391748e+01 1.228206043300695249e+01
2.548032941307570098e+01 2.524240592617685763e+01 2.813492926407014494e+01
2.256741522637472386e+01 7.318217829365041283e+00 7.581210256269311110e+00
4.328726971050516426e+01 1.540064563391242913e+01 1.051112810661925856e+01
2.352859616012279886e+01 4.710753561884760643e+01 2.306851053737544888e+01
1.291549017838571878e+01 1.856061091206217384e+01 3.607752162113081340e+01
1.515384564662595146e+01 1.503473672109334025e+01 2.929418272019148617e+01
