3.431267746831319077e+00 3.498948874075226367e+00 4.758963571107862833e+00
3.798775030269060604e+00 1.607874398935449589e+00 1.537475959244086310e+00
8.080320828252828491e+00 2.566315776069265642e+00 1.698840707825292728e+00
8.962353025092758330e+00 5.651853391293364837e+00 4.721937234584132170e+00
1.432674873118935599e+00 3.891624472671786350e+00 2.855765975657621691e+00
1.631743377114704963e+00 3.983380459272178875e+00 2.144481601557753692e+00
9.178468773718108764e+00 8.490347625305176393e+00 1.165935697228174206e+01
2.610531647956838341e+00 1.100074046181848786e+00 1.777396768301929608e+00
4.601001204556972368e+00 1.633916137239290745e+00 1.445289594668214050e+00
2.330853586151710122e+00 1.047696261058438161e+01 2.892153802532035023e+00
1.892406361577372520e+00 4.829798652306251050e+00 5.972919980034048670e+00
2.853761423106410788e+00 2.167016884655348363e+00 5.202599279472003069e+00
