1.970496337524918573e+01 1.955272791315910652e+01 2.720526203160495271e+01
4.174908712593005333e+01 9.847861966041527637e+00 1.073856136679590279e+01
4.476513648386796973e+01 3.128528885368402612e+01 2.604185157752657176e+01
4.271527958701478411e+01 5.238124373144992063e+01 3.918831626013965774e+01
2.262143061823761414e+01 3.570264981932133708e+01 3.346864001090936114e+01
1.679707483721351480e+01 2.591457558425963370e+01 4.288218271255065872e+01
4.281189433558898116e+01 4.139202799524252896e+01 4.621880579286361268e+01
7.823176115014655352e+01 1.823219125434573229e+01 1.127977002804836992e+01
7.670456212035956867e+01 4.946665116054007427e+01 3.474620254915858908e+01
6.277302598487234064e+01 8.970762116958844956e+01 6.447469180225787966e+01
3.159462415647866607e+01 5.636037445293263204e+01 6.741146142311099254e+01
2.571100139299905862e+01 2.433110769290141917e+01 6.081634047324895676e+01
