2.223754933464271133e+01 2.197844364206844148e+01 2.409030285913479474e+01
3.414879978508278668e+01 1.250988901864855407e+01 1.267042691886056538e+01
3.724880198909906426e+01 3.350637017345726321e+01 2.918341912853609443e+01
3.862415661877360407e+01 3.863437463992494258e+01 3.463838285155465258e+01
2.717497286841984305e+01 3.366604466715595123e+01 3.597756832353164924e+01
1.804954526706092111e+01 2.649569545459159770e+01 3.579744119266896973e+01
3.781832203369099688e+01 3.807288476726596116e+01 4.033483333021549555e+01
7.217339440053123667e+01 1.866991983047049075e+01 1.491772477292649413e+01
7.233441940932704028e+01 6.364951760453434559e+01 4.378524948410435513e+01
6.201820384759516003e+01 8.025522503745663982e+01 6.377019217197757683e+01
4.190945872886744183e+01 7.164568718176722939e+01 6.098610507034913297e+01
2.646674556568206071e+01 2.844450105075962654e+01 5.573929365779713407e+01
