2.240015546962314374e+01 2.213246389557350824e+01 2.422003236867736220e+01
3.395767835696349124e+01 1.169305367591247169e+01 1.229763444645101700e+01
3.710374875343946854e+01 3.364655444845358545e+01 2.874964617539304967e+01
3.921549259763924056e+01 4.276907885309474722e+01 3.444755729424663571e+01
2.669047292367264390e+01 3.316961081274968137e+01 3.568071442924375702e+01
1.742145816461878738e+01 2.624505716163706026e+01 3.457117698109478710e+01
3.680117339114140407e+01 3.747344336523888586e+01 4.112254595936310153e+01
7.193828409056358453e+01 1.866991983047049075e+01 1.325845975772855212e+01
7.670090876318681694e+01 6.204829739766298502e+01 4.036520211812901948e+01
6.186015310547382740e+01 8.540360561823680996e+01 6.213574993172719729e+01
3.881026763629582632e+01 5.855281058610412259e+01 6.507175827264772749e+01
2.617579062687033442e+01 2.641154334971488993e+01 5.579080409621150238e+01
