5.983062928661700752e+00 5.861839770799677218e+00 7.075240919477999491e+00
7.427310857620333273e+00 3.078354357799400365e+00 2.120776446310112195e+00
1.236750713170423488e+01 5.585934800953418211e+00 3.689198434085665390e+00
1.529079492842068433e+01 9.950807970810886971e+00 8.580078020635653502e+00
2.843944105400990185e+00 7.467680749136532903e+00 4.969665805770250522e+00
3.329018757524570216e+00 6.900216485806454081e+00 3.991332350850359756e+00
1.402099179940783280e+01 1.381851863091713462e+01 1.521693154783054425e+01
6.126816166787437901e+00 2.312199057634084731e+00 2.788162333434827111e+00
1.153964881498512618e+01 5.503071511001657257e+00 3.327173077540404034e+00
5.959734841011727902e+00 2.399816129553661881e+01 6.107020415312765849e+00
3.877436858035009593e+00 6.784125751585963648e+00 1.414969933523336643e+01
5.938079778374480533e+00 3.393209241363304152e+00 1.052710234976631298e+01
