1.679912580468054983e+01 1.653177347282843712e+01 2.608515343534236663e+01
4.304893248455572063e+01 9.007486842890379819e+00 1.047339011150927668e+01
4.724773552078028160e+01 2.959094934037736735e+01 2.221250932210279672e+01
3.830700951093729856e+01 5.818589284721795707e+01 3.270281550687744954e+01
1.572947546539460539e+01 2.867556584777518580e+01 2.350198503127060690e+01
1.558402920200861708e+01 2.500632151945155712e+01 2.436426303332999765e+01
3.714550316548139364e+01 3.642502597453240298e+01 4.960814918000016860e+01
7.396536435158979828e+01 1.477799434057071970e+01 8.018264982292304666e+00
7.828853315111551581e+01 3.640834256227118715e+01 3.007649392055500215e+01
5.318604941226768545e+01 9.093931786812140672e+01 5.515489087702025728e+01
2.083111580050964307e+01 4.712418870119465453e+01 6.883589255056419631e+01
2.149591093619835647e+01 1.824990415722963277e+01 6.261055767320296184e+01
