1.501807504410816385e+01 1.511234088052270508e+01 2.019608133811681583e+01
2.989109416028560773e+01 7.467560456379173317e+00 9.756541385750811202e+00
3.767204901768968739e+01 2.536738675978981306e+01 1.920393878130478527e+01
3.042577163639905180e+01 4.679112624417053468e+01 2.561323143351964404e+01
1.201298126297846736e+01 2.055325593297347808e+01 1.732548766846232269e+01
1.163217641986562612e+01 2.097290623875216298e+01 1.657093151605034009e+01
2.868615134168614134e+01 2.930133978460759892e+01 4.145404918746611855e+01
4.847122440767192586e+01 8.317692979366116290e+00 8.018264982292304666e+00
7.012336118789824013e+01 2.059714915823690617e+01 1.577869419754459734e+01
3.157546965939428674e+01 8.293192220476348098e+01 3.663881419350342128e+01
1.683058018383179544e+01 2.466230417597525104e+01 6.230228145693087072e+01
1.782924932400565154e+01 1.655785417310884711e+01 4.688187543444048799e+01
