1.987639521424297584e+01 2.003923617775567934e+01 2.742708190338363394e+01
4.185914738383014821e+01 9.847861966041527637e+00 1.073856136679590279e+01
4.406611369459513838e+01 3.183973095174894752e+01 2.619619319594969653e+01
4.240139850636035845e+01 5.386884538710047110e+01 3.952402971556302447e+01
2.367594270693103553e+01 3.628183673636579698e+01 3.465044158118008966e+01
1.679707483721351480e+01 2.633950190096888377e+01 4.053636650600661540e+01
4.336955495329937094e+01 4.170953759881078327e+01 4.551630054790936697e+01
7.705057459514598861e+01 1.823219125434573229e+01 1.205541017797682812e+01
7.725184771600267197e+01 5.038582419699633164e+01 3.658523871599452093e+01
6.313891573226499787e+01 9.059825855840675501e+01 6.636518479772233547e+01
3.353791514717438105e+01 5.666527404678794255e+01 6.937399679835459665e+01
2.571100139299905862e+01 2.500347611649801394e+01 6.028564128946353406e+01
