1.339664010149945739e+01 1.393288757979311399e+01 1.804929956970134342e+01
2.646614691343719983e+01 6.375209563763394094e+00 8.652544571629150028e+00
2.862230615872185524e+01 2.313821350354765372e+01 1.619596035069240969e+01
2.960671810959912165e+01 2.686574922085176098e+01 2.180151816934748155e+01
7.903911893106155162e+00 1.852783946026912432e+01 1.401073032870448465e+01
1.025284820448389489e+01 1.664840713433518715e+01 1.228206043300695249e+01
2.590849782627352127e+01 2.570476137429550434e+01 2.812413957372767115e+01
2.339204470679361947e+01 7.318217829365041283e+00 7.581210256269311110e+00
4.369644439417945136e+01 1.540064563391242913e+01 1.051112810661925856e+01
2.352859616012279886e+01 5.213029959400009972e+01 2.350072116209702955e+01
1.291549017838571878e+01 1.893033583104816131e+01 3.580985863614139220e+01
1.543555589334187417e+01 1.503473672109334025e+01 2.938813702197897371e+01
