1.282389570032172799e+01 1.245368454042865380e+01 1.720550870257965670e+01
2.309311102292958040e+01 5.973161059734583667e+00 6.934600697774362388e+00
2.655942043134873032e+01 1.688936427068368928e+01 1.274123906210329693e+01
2.845398646415375765e+01 2.187887728513252839e+01 1.871097643804216304e+01
7.290728326797416337e+00 1.828718031874080197e+01 1.271330619091334313e+01
9.271970313575256029e+00 1.629879905206977142e+01 1.124868615605774913e+01
2.321851111320376759e+01 2.361885358979878546e+01 2.648418659950987220e+01
2.305384961755815709e+01 6.720489334396021697e+00 7.150722119794356679e+00
3.532836594957183962e+01 1.225577522627592586e+01 9.241632370316807510e+00
2.092386317712428578e+01 5.241716685178057844e+01 2.113915860755295384e+01
1.173860711772974774e+01 1.654041446837061358e+01 3.285374015414053162e+01
1.418729238149962946e+01 1.172990492948312635e+01 2.905796762924086707e+01
