1.765236567920773680e+01 1.751474653045568175e+01 2.467266012402329523e+01
4.274428418097654969e+01 9.271493605616946354e+00 1.047339011150927668e+01
4.244281058082741964e+01 2.978736215853271929e+01 2.351969291660533656e+01
3.960323406805588320e+01 5.143135535849208395e+01 3.566126735256865032e+01
1.722382533010738115e+01 3.643392618287727913e+01 2.695957310213733038e+01
1.596928073866561526e+01 2.469870803412464610e+01 3.757084448914561392e+01
4.003376092085814264e+01 3.839523170291428045e+01 4.708588604632719665e+01
7.605345483446755850e+01 1.477799434057071970e+01 8.018264982292304666e+00
7.819417827110933672e+01 4.070112829724797621e+01 3.091415811795188162e+01
5.764655964702824065e+01 8.728490997756237846e+01 5.862241502998706721e+01
2.526170515795350724e+01 4.757759637673245123e+01 7.284355457985071780e+01
2.282748763448264384e+01 1.906683764738314224e+01 6.131630312044125475e+01
