1.836046014967963558e+01 1.828600418581696729e+01 2.665374912394194595e+01
4.277150618983691288e+01 9.271493605616946354e+00 1.073856136679590279e+01
4.386034806827308330e+01 2.993798208622984802e+01 2.413422028943737985e+01
4.067731702484321232e+01 5.243871270322604516e+01 3.656863663225756511e+01
1.901399326195106099e+01 3.569203668360450621e+01 2.935785264211485668e+01
1.614232649120363305e+01 2.526210193316707020e+01 4.052412822745192500e+01
4.074949163740622282e+01 3.909093066541740313e+01 4.598577704223834672e+01
7.572920576847850782e+01 1.477799434057071970e+01 1.127977002804836992e+01
8.044940702426899293e+01 4.324461607723125667e+01 3.218622782673703853e+01
5.992207939081109203e+01 8.700874205543850337e+01 6.014989416168761949e+01
2.823115030847900542e+01 5.228122644591875456e+01 6.887440642047754125e+01
2.459447211712787507e+01 2.218789642854826383e+01 6.015787214349864342e+01
