2.250955529158068202e+01 2.217536444710701460e+01 2.619521104296556757e+01
3.345093735476304175e+01 1.107840140313309263e+01 1.229763444645101700e+01
3.476801561571882360e+01 3.324355786180681349e+01 2.837042659715868709e+01
3.647044269364632640e+01 4.180981617400836825e+01 3.611412113522396794e+01
2.572440949159324575e+01 3.343296370611189872e+01 3.341483769250956470e+01
1.695711950472301410e+01 2.633950190096888377e+01 3.395274885477668647e+01
3.600595549288674846e+01 3.573764331732795085e+01 3.739094333559363292e+01
6.410714869045872888e+01 1.823219125434573229e+01 1.272799139754572195e+01
7.296167476462794355e+01 5.146505675928164436e+01 3.781215991706846324e+01
6.217349476000282493e+01 8.758315610852942257e+01 6.513914643859547482e+01
3.500092411557891836e+01 5.736546900201263810e+01 6.192522606026978593e+01
2.592722856182819413e+01 2.560010939737793834e+01 5.501163975755244451e+01
