1.395228952466807826e+01 1.416763134980741690e+01 1.718856983415979656e+01
2.675344981449973858e+01 6.375209563763394094e+00 9.423487594814837109e+00
2.906077202550298466e+01 2.459618371970702455e+01 1.768030063539619690e+01
2.970978830616865807e+01 2.807623443737061564e+01 2.337373605379692521e+01
9.562431915287660900e+00 1.947280432148974683e+01 1.519059025317001499e+01
1.068175393966027542e+01 1.691241066198025322e+01 1.358997430209684509e+01
2.675970769529818227e+01 2.623208425386884457e+01 2.794286649371095166e+01
2.404781427861515652e+01 7.318217829365041283e+00 7.581210256269311110e+00
4.658279510275455948e+01 1.661297922958359763e+01 1.118677251559926056e+01
2.409871829052397274e+01 5.661666976257430406e+01 2.405116341020243453e+01
1.360996361260365717e+01 1.981683623587384346e+01 3.765010892556466615e+01
1.599110967189721499e+01 1.534692019280378616e+01 2.934617687842545664e+01
