1.472193862762321892e+01 1.481226179450737490e+01 1.969323473100120125e+01
2.720307337571793482e+01 7.259425704399716572e+00 9.576921491919280882e+00
3.106610767391392613e+01 2.519500548247339111e+01 1.874399924158222674e+01
2.934865180345399338e+01 3.865236890971178241e+01 2.441111937426598288e+01
1.087710037110867667e+01 1.859443860310944885e+01 1.702363355190555794e+01
1.133375925162640030e+01 1.776553556476184781e+01 1.552946666088561045e+01
2.740726630209641357e+01 2.763571041805007766e+01 3.441229194808180125e+01
3.994334100685713196e+01 8.317692979366116290e+00 8.018264982292304666e+00
5.994305055744447230e+01 1.977387342356073674e+01 1.255452967985812762e+01
2.738599678144031913e+01 7.769699957236862531e+01 2.830304035705369259e+01
1.567018743931411429e+01 2.058605328009869595e+01 5.479569842576484007e+01
1.677166453536525381e+01 1.578926218345977439e+01 4.029151823388264830e+01
