1.950040288296245095e+01 1.945687806414846577e+01 2.705810981267600823e+01
4.159188440466586201e+01 9.553389668595075435e+00 1.073856136679590279e+01
4.344604181858602487e+01 3.098211356795830440e+01 2.582189538540637841e+01
4.252629791996358222e+01 5.569898898284745314e+01 3.888814238226301256e+01
2.191637906550590742e+01 3.620154682139021673e+01 3.258655096709081533e+01
1.663606003243107523e+01 2.594021492069788337e+01 4.154559406374032449e+01
4.297687807332828669e+01 4.128251713405559542e+01 4.696877895868490782e+01
7.874725446410963059e+01 1.823219125434573229e+01 1.127977002804836992e+01
7.751349109727486564e+01 4.777949442948442993e+01 3.395563114398622417e+01
6.252898366261977969e+01 8.752013640350733681e+01 6.402554977890095245e+01
3.129020045143814954e+01 5.636037445293263204e+01 6.802584800478064153e+01
2.571100139299905862e+01 2.433110769290141917e+01 6.115846060718699562e+01
