2.223754933464271133e+01 2.204830689341171990e+01 2.355589047417728921e+01
3.392350933317933226e+01 1.232330861222310681e+01 1.267042691886056538e+01
3.897102198650718918e+01 3.365217278103936138e+01 2.919225882843348430e+01
3.969224387797986253e+01 4.642192907135716951e+01 3.424597421463501945e+01
2.729510065507260919e+01 3.355105996005856639e+01 3.602093648742111753e+01
1.804954526706092111e+01 2.606008629197897619e+01 3.534880203123582731e+01
3.736023137720380305e+01 3.795681410069075667e+01 4.147592318556898050e+01
7.233146573434979132e+01 1.866991983047049075e+01 1.491772477292649413e+01
7.501110486297170610e+01 6.321339180072266828e+01 4.322098391676029649e+01
6.190674657022464089e+01 7.906534879597978716e+01 6.382146140862898420e+01
4.100606986000515519e+01 6.093658909102978072e+01 6.380703805517128302e+01
2.617579062687033442e+01 2.794319710950883362e+01 5.490985381500394880e+01
