1.282389570032172799e+01 1.253542518597136635e+01 2.006611906104499354e+01
2.369937609206982287e+01 5.973161059734583667e+00 6.934600697774362388e+00
2.731313274084999421e+01 1.796896231688618073e+01 1.342977011985481717e+01
2.934308156837771620e+01 2.261070407707854457e+01 1.948396709957897244e+01
7.438967239835910128e+00 1.837799784935397795e+01 1.295906174760802010e+01
9.543111390724723364e+00 1.584192519674230937e+01 1.132002742827337549e+01
2.344160572671145459e+01 2.357509956928553763e+01 2.724079094925113864e+01
2.325516296054348331e+01 6.720489334396021697e+00 7.581210256269311110e+00
3.547399167575542123e+01 1.225577522627592586e+01 9.613251482529204139e+00
2.142436219720659807e+01 4.847635369978785747e+01 2.145148495945485578e+01
1.173860711772974774e+01 1.654041446837061358e+01 3.478416046492307601e+01
1.418729238149962946e+01 1.172990492948312635e+01 2.907964913839214915e+01
