1.786656701435881445e+01 1.751474653045568175e+01 2.633237790223161667e+01
4.279717515083146395e+01 9.271493605616946354e+00 1.073856136679590279e+01
4.199643675849449664e+01 2.993798208622984802e+01 2.413266314873012064e+01
3.960323406805588320e+01 5.335758096570981479e+01 3.602820505506623050e+01
1.778342837694861700e+01 3.577585735274131196e+01 2.695957310213733038e+01
1.596928073866561526e+01 2.469870803412464610e+01 3.946134459435768349e+01
4.043698414039463529e+01 3.823259105605325914e+01 4.612892612952923344e+01
7.584468564816386049e+01 1.477799434057071970e+01 8.018264982292304666e+00
7.790692328460706051e+01 4.070112829724797621e+01 3.091415811795188162e+01
5.873806796889616066e+01 8.840187470680162107e+01 5.933916397325985059e+01
2.726154959734810035e+01 4.891937430266825260e+01 7.096708749033584240e+01
2.371407025293529003e+01 2.064798862102171029e+01 6.131046350618191809e+01
