1.987639521424297584e+01 2.003923617775567934e+01 2.700862504241685258e+01
4.200425847448754268e+01 9.847861966041527637e+00 1.073856136679590279e+01
4.329119838271670062e+01 3.169337887848175939e+01 2.619619319594969653e+01
4.239463044941366121e+01 4.871947370000839328e+01 3.953964073147006530e+01
2.321065773179920555e+01 3.708064591471148930e+01 3.443988968479754931e+01
1.679707483721351480e+01 2.641721796428513613e+01 4.154142050699812216e+01
4.336955495329937094e+01 4.170953759881078327e+01 4.657558042896346961e+01
7.732500424639817993e+01 1.823219125434573229e+01 1.205541017797682812e+01
7.725957515737856340e+01 5.038582419699633164e+01 3.504935688158547435e+01
6.277774817707853572e+01 9.180589766096159110e+01 6.621912615789723588e+01
3.276398051089500996e+01 5.666527404678794255e+01 6.874329897785732157e+01
2.571100139299905862e+01 2.433110769290141917e+01 5.942690476815973710e+01
