2.245104725963976122e+01 2.214443334710169609e+01 2.456125508305574812e+01
3.370057968967946493e+01 1.148200920555897220e+01 1.229763444645101700e+01
3.480361851533982076e+01 3.322813558389712796e+01 2.854964781494346227e+01
3.739456883240575991e+01 4.349782897612421095e+01 3.496198938956024449e+01
2.650717947493647486e+01 3.308108305457206200e+01 3.448836317265782014e+01
1.742145816461878738e+01 2.632929659398043754e+01 3.421800423786970669e+01
3.641053382878531863e+01 3.710835041853180627e+01 4.018286558779377771e+01
7.017520420597308828e+01 1.823219125434573229e+01 1.325845975772855212e+01
7.570409264017743567e+01 6.039647767547126023e+01 3.972471074573662975e+01
6.114552503926433502e+01 8.509732668940945643e+01 6.129146864531730898e+01
3.725687935139078633e+01 5.851824456066576374e+01 6.710640675534804700e+01
2.617579062687033442e+01 2.587930958868954079e+01 5.292167810050284515e+01
