1.332547297558412858e+01 1.393288757979311399e+01 1.903297632623056401e+01
2.626604057567096007e+01 6.375209563763394094e+00 8.336707398213741627e+00
2.844274796540800665e+01 2.268301868944348598e+01 1.601805110785069530e+01
2.942985467038658598e+01 2.656653675102493750e+01 2.080696136151054532e+01
7.753711451802385746e+00 1.905603776655801340e+01 1.372565158846552080e+01
1.025284820448389489e+01 1.600306951354185969e+01 1.208763412792158398e+01
2.506775529048565332e+01 2.513123297637242004e+01 2.818522550594527942e+01
2.288574904060741488e+01 7.318217829365041283e+00 7.581210256269311110e+00
4.295180150655796325e+01 1.274354255760032473e+01 1.051112810661925856e+01
2.251790425310936428e+01 4.901218676077281344e+01 2.266716040582242542e+01
1.243600160014458389e+01 1.822199531404189443e+01 3.455587487137826486e+01
1.515384564662595146e+01 1.471937377655696366e+01 2.896206295107175777e+01
