2.241060580174851680e+01 2.213652357777850099e+01 2.446599184817790729e+01
3.394946039966443152e+01 1.148200920555897220e+01 1.229763444645101700e+01
3.645958032514204916e+01 3.350425992614174220e+01 2.871300356111339624e+01
3.722639767541313205e+01 4.015369493360574182e+01 3.439874840793957134e+01
2.650717947493647486e+01 3.319304472507692338e+01 3.503788318888045694e+01
1.742145816461878738e+01 2.624505716163706026e+01 3.462416860354340287e+01
3.648359929816218994e+01 3.727822325587678876e+01 3.941245812179423780e+01
7.104715756681567029e+01 1.823219125434573229e+01 1.325845975772855212e+01
7.619211628805491898e+01 6.143639257830762546e+01 4.040332341442423569e+01
6.181927367965375453e+01 8.839894222852670680e+01 6.222912841688139451e+01
3.783803636413041716e+01 5.855281058610412259e+01 6.853438378688373689e+01
2.617579062687033442e+01 2.587930958868954079e+01 5.319027738703419317e+01
