1.970496337524918573e+01 1.995180080812236056e+01 2.693108426161331082e+01
4.184451617972594306e+01 9.847861966041527637e+00 1.073856136679590279e+01
4.531285764691249796e+01 3.156837491208872848e+01 2.604185157752657176e+01
4.229873097523407921e+01 5.231725909425130538e+01 3.934363159717257474e+01
2.318953633507872780e+01 3.754133267861818268e+01 3.389167666085663910e+01
1.679707483721351480e+01 2.641721796428513613e+01 4.163227952441728519e+01
4.314844772225760750e+01 4.149540539357651880e+01 4.737922730487346001e+01
7.744696634879075248e+01 1.823219125434573229e+01 1.127977002804836992e+01
7.553683432636879047e+01 4.993699272348877827e+01 3.474620254915858908e+01
6.288291199086185657e+01 9.121607749369307783e+01 6.537447524034134005e+01
3.211678024387079233e+01 5.666527404678794255e+01 6.621792150803145205e+01
2.571100139299905862e+01 2.433110769290141917e+01 5.961744776071009966e+01
