2.075726225682153370e+01 2.003923617775567934e+01 3.925882443572572811e+01
4.044843890086130500e+01 9.847861966041527637e+00 1.178067777597528831e+01
3.965987176638611800e+01 3.262474801878169473e+01 2.753457581331582560e+01
4.166978302190447891e+01 4.170086510553041137e+01 3.957338850663535368e+01
2.515656065449922352e+01 3.518058851513259100e+01 3.907930587196885597e+01
1.695711950472301410e+01 2.633950190096888377e+01 3.937189005154164789e+01
4.231771413333526510e+01 4.201443073486327506e+01 4.252199494991850770e+01
6.737550203161487161e+01 1.823219125434573229e+01 1.272799139754572195e+01
7.248831820022417105e+01 5.038582419699633164e+01 3.732132007561029496e+01
6.265258317208189709e+01 9.137880486612002073e+01 6.626194008662456270e+01
3.500092411557891836e+01 5.718312395105273538e+01 6.650671934957219378e+01
2.571100139299905862e+01 2.500347611649801394e+01 5.894158370444683470e+01
