1.939053176240571830e+01 1.936205198462159416e+01 2.754353359526815126e+01
4.168435542236397140e+01 9.553389668595075435e+00 1.073856136679590279e+01
4.259221233417282093e+01 3.083278609536322179e+01 2.558041707892822103e+01
4.209800073667476283e+01 5.199723984334011107e+01 3.858897504980123472e+01
2.191637906550590742e+01 3.728371699286857677e+01 3.227924294894643964e+01
1.663606003243107523e+01 2.594021492069788337e+01 4.075693499950040177e+01
4.283421107030742547e+01 4.102224701150522890e+01 4.554785226836884959e+01
7.676685764366952469e+01 1.707246162715470916e+01 1.127977002804836992e+01
7.799895585962050859e+01 4.777949442948442993e+01 3.363525089131552193e+01
6.211732266987228002e+01 8.648622596299246368e+01 6.416545181963294908e+01
3.129020045143814954e+01 5.636037445293263204e+01 7.024586992950750641e+01
2.503947653912879900e+01 2.433110769290141917e+01 6.068114853974086031e+01
