2.203026467610506245e+01 2.155362175155423898e+01 3.316409240783907819e+01
3.691496310508646417e+01 1.035569117902852554e+01 1.178067777597528831e+01
3.658204918213798607e+01 3.271363631615304257e+01 2.824128297161201218e+01
3.766804517116167972e+01 4.054161608762483127e+01 3.767342604696467845e+01
2.531173191032907255e+01 3.488908730395223756e+01 3.494338754541565351e+01
1.695711950472301410e+01 2.633950190096888377e+01 3.593051267767611989e+01
3.862096103530554814e+01 3.869743505342639622e+01 3.874712827824320271e+01
6.251529965428895252e+01 1.823219125434573229e+01 1.272799139754572195e+01
7.013073137681864466e+01 5.146505675928164436e+01 3.732132007561029496e+01
6.234293476828774061e+01 8.440815738910976052e+01 6.554221321459034755e+01
3.500092411557891836e+01 5.725164641188491288e+01 6.294947466902575428e+01
2.571100139299905862e+01 2.500347611649801394e+01 5.695804927770839043e+01
