1.510681018185368352e+01 1.511234088052270508e+01 2.148475750531881800e+01
3.188902025776581795e+01 7.467560456379173317e+00 9.756541385750811202e+00
4.047333687081370357e+01 2.630268502776733897e+01 1.939398433933088484e+01
3.067674837821169120e+01 5.328254580539751117e+01 2.600395263753440034e+01
1.201298126297846736e+01 2.283522454676225877e+01 1.765991439549388886e+01
1.178741722287440652e+01 2.113197531183428524e+01 1.677058620029551506e+01
2.827039954496350305e+01 2.954399538365965583e+01 4.313835146698816914e+01
5.085456218411382423e+01 8.317692979366116290e+00 8.018264982292304666e+00
7.138152079546190976e+01 2.059714915823690617e+01 1.644665024889417992e+01
3.390273466060990160e+01 8.319727090434599859e+01 3.773034422721290326e+01
1.865562661092719310e+01 2.574746166619578602e+01 6.257814482939167533e+01
1.782924932400565154e+01 1.655785417310884711e+01 4.872450565654425958e+01
