2.242143526157900268e+01 2.214443334710169609e+01 2.443748949389376079e+01
3.371970444978425263e+01 1.148200920555897220e+01 1.229763444645101700e+01
3.659696005261873353e+01 3.344983023638332043e+01 2.860962091919637018e+01
3.735432409314583424e+01 4.284197749103363151e+01 3.438935575940934797e+01
2.650717947493647486e+01 3.320288384972489126e+01 3.603397230453741429e+01
1.742145816461878738e+01 2.632929659398043754e+01 3.419478295925393496e+01
3.648359929816218994e+01 3.717547244917245308e+01 4.037458239368115187e+01
7.048824936759588411e+01 1.823219125434573229e+01 1.325845975772855212e+01
7.406258144395235377e+01 6.039647767547126023e+01 4.040332341442423569e+01
6.140393288023474838e+01 8.569796693800762455e+01 6.161597996943326194e+01
3.725687935139078633e+01 5.838595453678936309e+01 6.418032134755715390e+01
2.617579062687033442e+01 2.587930958868954079e+01 5.436578877124757270e+01
