6.942915507752792870e+00 7.087314169171781586e+00 9.501070748192011806e+00
9.111950130600787290e+00 3.274555730278614796e+00 2.806564908719653584e+00
1.375318687563540188e+01 6.834093807145801946e+00 4.271749280574464791e+00
1.494251025845268543e+01 1.126710746182113176e+01 9.286646302797150199e+00
3.279840009773705489e+00 8.802637679039877483e+00 5.816997734137910214e+00
3.889011338128844919e+00 7.651346024572402094e+00 5.015840926940362543e+00
1.464791695010188199e+01 1.400799271054052575e+01 1.583936631716443522e+01
7.479569725305998062e+00 2.312199057634084731e+00 3.093184059226810945e+00
1.351178140228892310e+01 5.921278413439656774e+00 3.426253642316644310e+00
7.012350973446350721e+00 2.899606855395772342e+01 7.777482515510540928e+00
4.682005462924116124e+00 7.958224979281750322e+00 1.563342430977690434e+01
7.268590554741744647e+00 3.724457263735225787e+00 1.322329595904299993e+01
