2.250947789201664051e+01 2.216740455130767273e+01 2.425656885665383555e+01
3.337639213279511807e+01 1.107840140313309263e+01 1.229763444645101700e+01
3.532305003519601172e+01 3.316540643522530729e+01 2.837173889494865264e+01
3.703379337785872139e+01 4.008095073416960474e+01 3.556515340034461303e+01
2.610407850684534381e+01 3.302027734904795864e+01 3.411246046423158873e+01
1.722921936745203197e+01 2.633188534853831797e+01 3.383921196642037188e+01
3.609950716080397370e+01 3.600798207872129097e+01 3.870970210513274168e+01
6.665711645402132035e+01 1.823219125434573229e+01 1.325845975772855212e+01
7.508312202958131820e+01 5.911585548349977870e+01 3.847205703798897503e+01
6.205544717494009888e+01 8.760923282757916297e+01 6.417641600538924251e+01
3.622191278492476840e+01 5.746076002754708156e+01 6.484255509401668860e+01
2.617579062687033442e+01 2.560010939737793834e+01 5.443385247626977730e+01
