2.252393961010624324e+01 2.217536444710701460e+01 2.463687821526643518e+01
3.347272147572385137e+01 1.107840140313309263e+01 1.229763444645101700e+01
3.541999818603839145e+01 3.319217845946005951e+01 2.850274452125787406e+01
3.712938924403257346e+01 3.935371888638288596e+01 3.597992561749179430e+01
2.610407850684534381e+01 3.312667524325227220e+01 3.365327036884652046e+01
1.722921936745203197e+01 2.633188534853831797e+01 3.373932999350019202e+01
3.609950716080397370e+01 3.579829961493980051e+01 3.862391281457183823e+01
6.551538361710281322e+01 1.823219125434573229e+01 1.272799139754572195e+01
7.299622087681079563e+01 5.435301615775044581e+01 3.781215991706846324e+01
6.237988430630441172e+01 8.496253667072276983e+01 6.497788622308861761e+01
3.587729325911526956e+01 5.736546900201263810e+01 6.628906776083428554e+01
2.617579062687033442e+01 2.560010939737793834e+01 5.503839291408919365e+01
