2.229132209981067092e+01 2.212213892584044217e+01 2.783323447932251327e+01
3.355579702930938879e+01 1.250988901864855407e+01 1.302223120654375599e+01
3.344528884777663080e+01 3.336790248619201549e+01 2.918341912853609443e+01
3.507080147195635078e+01 3.512294479919175672e+01 3.446772625515709620e+01
2.730738235701133121e+01 3.229377265416663079e+01 3.242038571775666611e+01
1.819941142499411768e+01 2.646553231918524673e+01 3.268560766578899290e+01
3.446741519601173565e+01 3.452639754129776151e+01 3.554647373214167771e+01
7.210381028092059807e+01 1.866991983047049075e+01 1.491772477292649413e+01
7.058707315420279826e+01 6.364951760453434559e+01 4.378524948410435513e+01
6.286279111547335674e+01 8.204723555619008835e+01 6.427668661620499790e+01
4.217080442626074444e+01 8.142197422433839904e+01 6.165335970890277650e+01
2.646674556568206071e+01 2.844450105075962654e+01 5.706375167439519203e+01
