1.679912580468054983e+01 1.638458897198701081e+01 2.537813198274530180e+01
4.251139602085701341e+01 9.007486842890379819e+00 1.047339011150927668e+01
4.825201129474243800e+01 2.920385074959903449e+01 2.182895874897916499e+01
3.776131466587907681e+01 6.363280434187506529e+01 3.236896074366673304e+01
1.572947546539460539e+01 2.863689718383108840e+01 2.350198503127060690e+01
1.509264141641756929e+01 2.483702568574291547e+01 2.368860468136517383e+01
3.714550316548139364e+01 3.566558513860375967e+01 4.941142701931459413e+01
7.372162952880040621e+01 1.364285097171083194e+01 8.018264982292304666e+00
7.854222625277191128e+01 3.327233920600536266e+01 3.007649392055500215e+01
5.220688711986635155e+01 8.944668399001959358e+01 5.434229347191944015e+01
2.003747094524182160e+01 4.461030692852909141e+01 6.943966139909605317e+01
2.149591093619835647e+01 1.739620574264161590e+01 6.086059540687514158e+01
