2.223754933464271133e+01 2.199703616833503617e+01 2.340823317222816158e+01
3.410193640324568065e+01 1.250988901864855407e+01 1.267042691886056538e+01
3.904143706270545522e+01 3.355472540283332705e+01 2.931251658792390913e+01
3.878499278698568986e+01 4.404695445924330954e+01 3.447020812078282148e+01
2.717662459047157242e+01 3.368121414489016985e+01 3.718832209985404091e+01
1.804954526706092111e+01 2.620494611077981517e+01 3.577714133315787848e+01
3.757616905096992355e+01 3.814911313263608861e+01 4.178846254082121447e+01
7.227507384882760277e+01 1.866991983047049075e+01 1.491772477292649413e+01
7.203915704886773597e+01 6.364951760453434559e+01 4.378524948410435513e+01
6.216787552841783082e+01 7.900508724625285595e+01 6.403327348454531887e+01
4.190945872886744183e+01 6.096261897778914118e+01 6.523474756918943740e+01
2.646674556568206071e+01 2.844450105075962654e+01 5.373424099348989103e+01
