2.250955529158068202e+01 2.211291277733632654e+01 2.720640020006177195e+01
3.419450676962586044e+01 1.080008973076543555e+01 1.206223323350769583e+01
3.484302242929270932e+01 3.273170997559571305e+01 2.826763220771803020e+01
3.719148882821792768e+01 3.721055383262859095e+01 3.702746333901149001e+01
2.531173191032907255e+01 3.423254521944503637e+01 3.423006288020554422e+01
1.695711950472301410e+01 2.633950190096888377e+01 3.519555259347242782e+01
3.669122366981557803e+01 3.663704897920015213e+01 3.763920454769983337e+01
6.251529965428895252e+01 1.823219125434573229e+01 1.272799139754572195e+01
7.113993206731593943e+01 5.146505675928164436e+01 3.732132007561029496e+01
6.234293476828774061e+01 8.490191814937668369e+01 6.560152363118022834e+01
3.500092411557891836e+01 5.736546900201263810e+01 6.591595954855414163e+01
2.571100139299905862e+01 2.560010939737793834e+01 5.608081589130963351e+01
