1.402936070454714468e+00 1.387863262997431901e+00 2.303992987223728139e+00
1.837570678420071157e+00 1.183812602789199975e+00 9.955027698492687760e-01
3.610966591830049310e+00 1.821044611088370235e+00 1.279259279332308763e+00
5.666614217419367883e+00 2.904822513365019621e+00 2.253128244890205689e+00
1.015955239690905287e+00 1.658188001499677489e+00 1.362643434951910093e+00
1.091551073025869956e+00 1.867796950723161320e+00 1.088391129088738030e+00
4.292443511592470173e+00 5.006518290821354356e+00 7.634921652959599569e+00
1.430683137811136429e+00 1.000000000000000000e+00 1.099602905806346120e+00
1.800096761883921870e+00 1.215705390373707173e+00 1.309821147750692472e+00
1.289274584924209544e+00 4.098651952303944412e+00 1.281021971037144436e+00
1.439006546662755959e+00 1.309210123077449328e+00 2.637531167133710497e+00
1.100107683411527537e+00 1.090427411173051198e+00 1.891357866440904090e+00
