1.800182909481097582e+01 1.765618352243769706e+01 2.731625040693190343e+01
4.265569108569293633e+01 9.271493605616946354e+00 1.073856136679590279e+01
4.369134608152715771e+01 2.993798208622984802e+01 2.413266314873012064e+01
3.972898383601385319e+01 5.152057318962488353e+01 3.616599385028768410e+01
1.778342837694861700e+01 3.752386632929216859e+01 2.882473942293201219e+01
1.614232649120363305e+01 2.469870803412464610e+01 4.079370490981385444e+01
4.066503594831135615e+01 3.881827130889325872e+01 4.724713510006863970e+01
7.594522818649971896e+01 1.477799434057071970e+01 1.127977002804836992e+01
7.617642959287282167e+01 4.258139234926935757e+01 3.218622782673703853e+01
5.933331600189195854e+01 8.808991157688183193e+01 6.013793911332422937e+01
2.726154959734810035e+01 4.960626571614392333e+01 6.813194168053260569e+01
2.459447211712787507e+01 2.218789642854826383e+01 6.059551381317169927e+01
