1.482857151493824333e+01 1.495518637841843912e+01 1.863694247084885092e+01
2.858404332926927083e+01 7.467560456379173317e+00 9.576921491919280882e+00
3.185128838922356209e+01 2.519500548247339111e+01 1.888429965934164301e+01
3.047583326976709728e+01 4.417075625756165635e+01 2.453192796997075575e+01
1.111823162398473208e+01 1.930150450475687407e+01 1.702363355190555794e+01
1.133375925162640030e+01 1.912294414921798946e+01 1.603343829246044905e+01
2.826906717376425604e+01 2.800426265821885252e+01 3.725591978263314274e+01
4.333743982312884668e+01 8.317692979366116290e+00 8.018264982292304666e+00
6.498359716624619864e+01 2.059714915823690617e+01 1.310447985427675377e+01
2.881284337235030435e+01 7.824148113546611683e+01 3.146913734047371491e+01
1.567018743931411429e+01 2.170242743534796048e+01 5.887103624671216551e+01
1.725573718756963970e+01 1.655785417310884711e+01 4.348441122988069907e+01
