1.592178670356241277e+01 1.613434593993152788e+01 2.522578243651990348e+01
3.927782721647827202e+01 8.402997423746063177e+00 1.019965578533524031e+01
4.396884050162481117e+01 2.848955958743069417e+01 2.020555720030292690e+01
3.490914617904451234e+01 5.551108807886381413e+01 3.148008474596460360e+01
1.411126817996307992e+01 2.368346730449365012e+01 2.165181279380546897e+01
1.376497950875649323e+01 2.395893016172524526e+01 1.820224079358321490e+01
3.332148570858212366e+01 3.227971839273284616e+01 4.852915186147081528e+01
7.035616285860065489e+01 1.136356056559936434e+01 8.018264982292304666e+00
7.726060533162861077e+01 2.964865772313131131e+01 2.433813552850043749e+01
4.360048056473289790e+01 8.815156217014437345e+01 4.773540157298220521e+01
2.003747094524182160e+01 4.023208114049550943e+01 6.953040529415405047e+01
1.938106845124911004e+01 1.655785417310884711e+01 6.075717464385539301e+01
