1.390869729564656154e+01 1.413585539935605340e+01 1.787589860746932047e+01
2.677417096779705830e+01 6.375209563763394094e+00 9.423487594814837109e+00
2.847156710275539737e+01 2.408557545861987137e+01 1.739775386794181244e+01
3.044421537251805532e+01 2.785501143621399578e+01 2.314414286501211393e+01
9.321864840532620988e+00 1.949708627010465278e+01 1.519059025317001499e+01
1.047610428752138567e+01 1.678687486078350943e+01 1.349627568027136881e+01
2.652664639711746020e+01 2.593659659678198182e+01 2.813456704573001588e+01
2.404781427861515652e+01 7.318217829365041283e+00 7.581210256269311110e+00
4.515482038864997349e+01 1.598137305902165117e+01 1.118677251559926056e+01
2.409871829052397274e+01 5.734909864049382122e+01 2.405116341020243453e+01
1.360996361260365717e+01 1.981683623587384346e+01 3.417435491636399547e+01
1.599110967189721499e+01 1.534692019280378616e+01 2.885240274480649347e+01
