1.271967855677204717e+01 1.238793144531754287e+01 1.755735603425379665e+01
2.260049492073688526e+01 5.973161059734583667e+00 6.934600697774362388e+00
2.675419372751422387e+01 1.644303771833037686e+01 1.230732398005686790e+01
2.773128848588796913e+01 2.092646675100188958e+01 1.864320110600479552e+01
7.290728326797416337e+00 1.850775510431681781e+01 1.205810982518338648e+01
9.155983733580884021e+00 1.590735409083091412e+01 1.085490117271410959e+01
2.299863364377557673e+01 2.279854367294055706e+01 2.661120481321931663e+01
2.221558879541101561e+01 6.720489334396021697e+00 7.150722119794356679e+00
3.321026259378773915e+01 1.225577522627592586e+01 8.940061049632687329e+00
1.948560288287305653e+01 5.099916827491973947e+01 2.085000762310815148e+01
1.173860711772974774e+01 1.654041446837061358e+01 3.185828840149530095e+01
1.391136979732443635e+01 1.135773423662507575e+01 2.891340304453009935e+01
