2.709167817247639665e+00 2.551725591295991080e+00 3.558361539871401025e+00
2.849655279506769556e+00 1.354664907379946381e+00 1.199777571394743614e+00
6.309879807306809418e+00 2.545999727194210749e+00 1.517727520852959033e+00
8.462768461828558131e+00 4.476045412936073831e+00 3.311740628764596739e+00
1.259279332767917925e+00 2.525248420651904357e+00 2.003056150370813526e+00
1.305856241796603312e+00 2.778870675140029167e+00 1.415426094238283916e+00
7.518235265656304733e+00 6.974090392974118480e+00 9.708318541978099958e+00
2.078897076373881436e+00 1.037828230019644637e+00 1.519974496982517520e+00
3.079165975773269004e+00 1.368541735109960689e+00 1.445289594668214050e+00
1.832786608470573286e+00 4.923325065696169567e+00 1.982772286492972880e+00
1.724730473669399133e+00 1.875508314350457173e+00 4.583892286808390892e+00
1.968723771700023661e+00 1.829051321794223917e+00 3.686168764282280019e+00
