1.875949437178723400e+01 1.881850944587575114e+01 2.641945334197927764e+01
4.238295844890680542e+01 9.553389668595075435e+00 1.073856136679590279e+01
4.275115820644838038e+01 3.002147061149878127e+01 2.502752456032437323e+01
4.050615106459822101e+01 5.231126475134441733e+01 3.770889430824892230e+01
2.013032851420849667e+01 3.547290337928827597e+01 3.128268360423242456e+01
1.645367574569976910e+01 2.572048685818084124e+01 4.083077830161769128e+01
4.204393837727285899e+01 3.994052400527981916e+01 4.700229816584764109e+01
7.613970079394692902e+01 1.593195692613822878e+01 1.127977002804836992e+01
7.939735238441295451e+01 4.720587455780378860e+01 3.333519004562868560e+01
6.119313383292043085e+01 9.195297961901653139e+01 6.159045538218762772e+01
3.049354723916288989e+01 5.577529643913888435e+01 7.089278342643042663e+01
2.503947653912879900e+01 2.433110769290141917e+01 6.062350642329442252e+01
