1.679912580468054983e+01 1.665975762231513002e+01 2.543141035295451147e+01
4.276920907084257095e+01 9.007486842890379819e+00 1.047339011150927668e+01
4.760919904216083864e+01 2.959094934037736735e+01 2.254375814459821115e+01
3.828013093071188422e+01 5.798892897883556685e+01 3.389520328539244076e+01
1.572947546539460539e+01 3.004562038320973727e+01 2.468172835274249977e+01
1.572132767324613845e+01 2.430733098844401852e+01 2.703640651347844681e+01
3.806358427565396596e+01 3.691299113297328915e+01 5.092919471993942437e+01
7.481021448437948607e+01 1.477799434057071970e+01 8.018264982292304666e+00
7.859171348005887126e+01 3.720116201984009763e+01 3.007649392055500215e+01
5.419825269499072107e+01 8.929325322049706415e+01 5.746930203344013677e+01
2.269881722170739380e+01 4.712418870119465453e+01 6.930524850596687259e+01
2.227434978285225498e+01 1.824990415722963277e+01 6.166334562619458382e+01
