1.325111932421770433e+01 1.374597975387677096e+01 1.896039564535247024e+01
2.581081342962961500e+01 6.375209563763394094e+00 8.158256074513806411e+00
2.907086325432593199e+01 2.213340680473594801e+01 1.567047933596815312e+01
2.938944922942091509e+01 2.641345612915899821e+01 2.029221864323538682e+01
7.617190976440040728e+00 1.872791767893960113e+01 1.372565158846552080e+01
9.861424760797492084e+00 1.603496357167275477e+01 1.208763412792158398e+01
2.480847885319293411e+01 2.516277632985280022e+01 2.848343061685889666e+01
2.219445666800234562e+01 7.318217829365041283e+00 7.581210256269311110e+00
4.042166722940117296e+01 1.274354255760032473e+01 1.051112810661925856e+01
2.199075219063887587e+01 5.087711497894510160e+01 2.222828656898552069e+01
1.207438043051619125e+01 1.788499688013846267e+01 3.373736770760965697e+01
1.421589461010191968e+01 1.442838686044662744e+01 2.909753103984550648e+01
