2.247860484583012664e+01 2.214443334710169609e+01 2.344986018970251607e+01
3.381217152955092331e+01 1.107840140313309263e+01 1.229763444645101700e+01
3.696187785481906474e+01 3.318234108238971203e+01 2.833478312021657430e+01
3.732510025543128052e+01 4.410325294021943421e+01 3.507726374542534131e+01
2.610407850684534381e+01 3.306010772652542329e+01 3.598610449784973753e+01
1.722921936745203197e+01 2.623450278920890710e+01 3.449288549464817066e+01
3.625836668941177265e+01 3.626093146740044659e+01 4.087912485783294869e+01
6.931903857578706152e+01 1.823219125434573229e+01 1.325845975772855212e+01
7.345875919769542861e+01 6.011953060561418738e+01 3.914635011751035876e+01
6.170392237853409512e+01 8.393993150229762534e+01 6.274680584063709432e+01
3.725687935139078633e+01 5.746076002754708156e+01 6.307412867043007054e+01
2.617579062687033442e+01 2.587930958868954079e+01 5.238691364772835612e+01
