1.320390924402021859e+01 1.289384226338849437e+01 1.759371952926998262e+01
2.549075449750371192e+01 6.375209563763394094e+00 7.839624558558220713e+00
2.796209080594907803e+01 2.200018544239373597e+01 1.543618183571320657e+01
2.988709486033668483e+01 2.607631413854997859e+01 2.013395491913447444e+01
7.617190976440040728e+00 1.799693666904218148e+01 1.372565158846552080e+01
9.861424760797492084e+00 1.701988402502453113e+01 1.208763412792158398e+01
2.444114765254036925e+01 2.505412752717458957e+01 2.780215803842394706e+01
2.348562423495238960e+01 7.318217829365041283e+00 7.581210256269311110e+00
3.897154151221113949e+01 1.274354255760032473e+01 9.919306314351228338e+00
2.159584748047685920e+01 5.223153484138135383e+01 2.222828656898552069e+01
1.207438043051619125e+01 1.788499688013846267e+01 3.387848591992322156e+01
1.418729238149962946e+01 1.383107458265880929e+01 2.875573175243209434e+01
