1.193578984313217539e+01 1.136004108879416563e+01 1.793245409554815950e+01
2.035602134657425211e+01 5.356219893204259286e+00 6.581039198368467957e+00
2.461162009124697647e+01 1.320916707558942882e+01 1.058971717538813273e+01
2.607761185439196083e+01 1.972660850204907135e+01 1.734224892479009839e+01
6.076521476942651212e+00 1.596267417494947516e+01 1.043137733120589239e+01
7.587100665417221279e+00 1.369178925269552671e+01 9.723653723049796582e+00
2.063600755652464969e+01 2.062050708764531137e+01 2.456976919546152160e+01
1.918522770582188386e+01 6.720489334396021697e+00 5.984615613051977867e+00
3.016773469179026534e+01 1.142468844628390912e+01 8.276541874029598844e+00
1.670321303726049678e+01 4.479357071573460303e+01 1.876553332992235923e+01
1.037481209995163667e+01 1.534913983345475508e+01 2.963880657579944256e+01
1.248339894489276425e+01 8.310841126988526284e+00 2.526141037613280460e+01
