1.429255121256513128e+01 1.446037516279298707e+01 2.063775016132328233e+01
2.697896992997755561e+01 7.259425704399716572e+00 9.576921491919280882e+00
2.878651178707884029e+01 2.516639963654623458e+01 1.850387761603927572e+01
2.968453191867685703e+01 2.902303325310622384e+01 2.386060567811970046e+01
9.813535728479452658e+00 1.987917414774832281e+01 1.616967746239717130e+01
1.101252726336100096e+01 1.745042646800425246e+01 1.384628409146320394e+01
2.716107912132336821e+01 2.690616651487898991e+01 2.822503468028432394e+01
2.297930133594428526e+01 7.318217829365041283e+00 7.581210256269311110e+00
4.245668284631518219e+01 1.773780851059176911e+01 1.118677251559926056e+01
2.409871829052397274e+01 5.698970801356038862e+01 2.501270956170856152e+01
1.449187142667916284e+01 2.026418116732636676e+01 3.792092229986647567e+01
1.677166453536525381e+01 1.578926218345977439e+01 3.096060982516162596e+01
