1.313316415108620205e+01 1.276160665051425092e+01 1.858981018956077591e+01
2.527109762487030409e+01 5.973161059734583667e+00 7.669295264847208138e+00
2.804085405512165607e+01 2.184930094157342495e+01 1.490489651682192829e+01
2.933926230796770440e+01 2.574720659034316128e+01 1.989501495294924993e+01
7.438967239835910128e+00 1.803997543166849127e+01 1.372565158846552080e+01
9.861424760797492084e+00 1.696436394461861497e+01 1.179208422865422889e+01
2.407603719418921173e+01 2.510766120328382200e+01 2.769488562357422623e+01
2.348562423495238960e+01 7.318217829365041283e+00 7.581210256269311110e+00
3.876027041483994395e+01 1.274354255760032473e+01 9.919306314351228338e+00
2.159584748047685920e+01 4.938797960733976566e+01 2.222828656898552069e+01
1.173860711772974774e+01 1.763702119572879923e+01 3.432137847758252747e+01
1.418729238149962946e+01 1.321516602009496211e+01 2.838875136245673758e+01
