2.245387032061718102e+01 2.214443334710169609e+01 2.449970090755121177e+01
3.384029735175963083e+01 1.148200920555897220e+01 1.229763444645101700e+01
3.555698045416350794e+01 3.315632814749572788e+01 2.839563216108828669e+01
3.693928430185286516e+01 4.311369966227317718e+01 3.465768875339934851e+01
2.641925599711269967e+01 3.311169477647634096e+01 3.525806804807535144e+01
1.722921936745203197e+01 2.623450278920890710e+01 3.449401192996369758e+01
3.625836668941177265e+01 3.668703390530624375e+01 3.970500547836930139e+01
6.978155042937042651e+01 1.823219125434573229e+01 1.325845975772855212e+01
7.523214142160742313e+01 6.011953060561418738e+01 3.969673319224664709e+01
6.153885796974006439e+01 8.570488052185297079e+01 6.218190407627753302e+01
3.725687935139078633e+01 5.851824456066576374e+01 6.601210180375657899e+01
2.617579062687033442e+01 2.587930958868954079e+01 5.253473266996089563e+01
