1.527586152950662779e+01 1.553887612917472261e+01 2.346852751581736030e+01
3.499727738094438934e+01 8.402997423746063177e+00 9.957413388858551428e+00
3.978951280439774507e+01 2.812404821089639029e+01 1.981810294500025549e+01
3.247231158636260062e+01 5.472146051890613450e+01 2.932111075207647133e+01
1.286432861124674965e+01 2.279018164122710743e+01 1.899223572218640754e+01
1.274947143710059549e+01 2.249741178843699529e+01 1.769147848417837920e+01
3.007065251158575236e+01 3.061514131335440680e+01 4.442210142636994163e+01
5.925981775693831821e+01 1.040786037883269266e+01 8.018264982292304666e+00
7.757698619088144198e+01 2.376638652128662343e+01 1.968111360244974151e+01
3.686280563427351353e+01 9.218726520846813344e+01 4.296502865957072714e+01
1.928647594713959990e+01 2.773681671765361045e+01 6.763129712488387213e+01
1.885996885184052374e+01 1.655785417310884711e+01 5.376971795500648454e+01
