5.707188784474621635e+00 5.581526043097751355e+00 6.856170768924491732e+00
6.215520027869866126e+00 2.670907352120121647e+00 1.946148585618254767e+00
1.142852894241055317e+01 4.312403957291607526e+00 3.308024822696471468e+00
1.313850177089710058e+01 8.488930573635478538e+00 7.416124366533777490e+00
2.557728157531838242e+00 5.464504933128182529e+00 4.501499994723801024e+00
2.877401530818965547e+00 6.196820655504915010e+00 3.454005398403544813e+00
1.294907345099623797e+01 1.301697415122194279e+01 1.419674050011242272e+01
4.911812632414682689e+00 2.020878492384868164e+00 2.489077359652509980e+00
7.182875801907021796e+00 1.779671991881320192e+00 2.813698926667290046e+00
3.750030397989054354e+00 1.585424171630855383e+01 4.527785895717847175e+00
3.115643580921529932e+00 5.919142860894574198e+00 9.285729998839821420e+00
5.037770879368945742e+00 2.936304939397489377e+00 8.156213280217926354e+00
