9.194581792191435232e-01 8.374046069017073712e-01 1.476079861854262543e+00
1.385562778013328833e+00 9.712564435765982385e-01 9.868766994320363750e-01
2.071116904686136184e+00 1.233207854358828071e+00 1.158359244563178070e+00
2.583740290171975929e+00 1.125064769874309256e+00 1.234963772752178057e+00
1.000400657881096889e+00 1.192558075740876689e+00 1.023724431803299639e+00
9.885464389049472000e-01 1.130229324807867641e+00 1.001483630641343936e+00
2.154816689065357505e+00 1.619932955595046797e+00 3.593814462966080647e+00
1.000000000000000000e+00 1.000000000000000000e+00 1.000000000000000000e+00
1.000000000000000000e+00 1.000000000000000000e+00 1.000000000000000000e+00
1.000000000000000000e+00 1.001561976706205392e+00 1.000000000000000000e+00
1.000000000000000000e+00 1.000000000000000000e+00 1.000000000000000000e+00
1.000000000000000000e+00 1.000000000000000000e+00 1.078500488281249892e+00
