1.641737879053226479e+01 1.625126682316929205e+01 2.378090773032710459e+01
4.074007327176456528e+01 8.402997423746063177e+00 1.019965578533524031e+01
4.358446492485308710e+01 2.900368195741939914e+01 2.117953510859405242e+01
3.541439484523519354e+01 5.783433249921504427e+01 3.148008474596460360e+01
1.510630454437312231e+01 2.943215152907020737e+01 2.226519819563534242e+01
1.392515332193402422e+01 2.381919969133736359e+01 2.115326921141710770e+01
3.469112018019687582e+01 3.318026751634023697e+01 4.992558825498108632e+01
7.192718115824743563e+01 1.251599584093260908e+01 8.018264982292304666e+00
7.877861730183914801e+01 3.129638032308810836e+01 2.690378467408557128e+01
4.691377230689637656e+01 8.884796237727474022e+01 5.006359517386236746e+01
2.003747094524182160e+01 4.335268986931285440e+01 6.969104108495794492e+01
1.938106845124911004e+01 1.739620574264161590e+01 5.902647708890106770e+01
