2.250947789201664051e+01 2.214443334710169609e+01 2.334888317268758939e+01
3.326223882617636463e+01 1.107840140313309263e+01 1.229763444645101700e+01
3.566439843128839726e+01 3.310780180617117452e+01 2.826185853554711258e+01
3.654939250393746164e+01 4.343493072237424713e+01 3.537767555578607670e+01
2.610407850684534381e+01 3.306010772652542329e+01 3.549400035936160691e+01
1.722921936745203197e+01 2.633188534853831797e+01 3.385363483908759008e+01
3.609950716080397370e+01 3.600798207872129097e+01 3.935271788666715764e+01
6.866786769210386865e+01 1.823219125434573229e+01 1.325845975772855212e+01
7.620066574861090203e+01 5.949475865124720997e+01 3.847205703798897503e+01
6.191464831091380461e+01 8.145719869047401573e+01 6.246768436908540423e+01
3.725687935139078633e+01 5.746076002754708156e+01 6.497845088772206168e+01
2.617579062687033442e+01 2.560010939737793834e+01 5.319827061754352115e+01
