1.527586152950662779e+01 1.540921668688660162e+01 2.454084274899773277e+01
3.393430197285384509e+01 7.933239577023483591e+00 9.957413388858551428e+00
4.076408670389360367e+01 2.812404821089639029e+01 1.981810294500025549e+01
3.102850299465247019e+01 5.256608873964584205e+01 2.882541746244541869e+01
1.272150137363653144e+01 2.352031747373416337e+01 1.825655440014882558e+01
1.193277440101532250e+01 2.113591616002706886e+01 1.700101762780907322e+01
2.951502057112211475e+01 3.035363757858591427e+01 4.487771125662644067e+01
5.698332033936082297e+01 1.040786037883269266e+01 8.018264982292304666e+00
7.641945515991463367e+01 2.243579712937405901e+01 1.968111360244974151e+01
3.597812519537303189e+01 8.418949709838788920e+01 3.943716255455633046e+01
1.928647594713959990e+01 2.725482485857851245e+01 6.978854852854288993e+01
1.885996885184052374e+01 1.655785417310884711e+01 5.137718606866590676e+01
