2.227893323890264199e+01 2.211385078333345788e+01 2.393967111237483181e+01
3.436280339499278824e+01 1.232330861222310681e+01 1.267042691886056538e+01
3.612453049907874458e+01 3.364080842700305141e+01 2.885967536660568200e+01
3.962437689675618913e+01 4.289458410473323369e+01 3.434323328184457580e+01
2.720350051374342470e+01 3.324717919667063626e+01 3.562599847720412782e+01
1.804954526706092111e+01 2.615527929963279163e+01 3.487460530210103116e+01
3.725229446802417499e+01 3.754016202683965275e+01 4.046257410205989657e+01
7.188664705247290954e+01 1.866991983047049075e+01 1.491772477292649413e+01
7.639426175964945287e+01 6.273505640856276955e+01 4.322098391676029649e+01
6.198048732092382807e+01 8.658269794989685408e+01 6.301128123462386554e+01
3.933788069941813603e+01 6.073890341228290168e+01 6.504146721994275993e+01
2.617579062687033442e+01 2.692670477973137366e+01 5.591550570569680900e+01
