2.232913001917540896e+01 2.211385078333345788e+01 2.396324472714930209e+01
3.423448058961493246e+01 1.191438489475561369e+01 1.248678936864834199e+01
3.683070930913723373e+01 3.364080842700305141e+01 2.885967536660568200e+01
4.012300056175990193e+01 4.268894639580285144e+01 3.446814085454305143e+01
2.704525260965049682e+01 3.307093984106131757e+01 3.578647095105777964e+01
1.742145816461878738e+01 2.615527929963279163e+01 3.481732303620582769e+01
3.711430599734692493e+01 3.754016202683965275e+01 4.159355151452973587e+01
7.239315250711598537e+01 1.866991983047049075e+01 1.491772477292649413e+01
7.483832694514045158e+01 6.225980650104858682e+01 4.214294814553763757e+01
6.182356989834305949e+01 9.047378263481337513e+01 6.288256720817447842e+01
3.907753506025398593e+01 6.073890341228290168e+01 6.528567120217104502e+01
2.617579062687033442e+01 2.641154334971488993e+01 5.304825420370615063e+01
