1.855825673077397298e+01 1.838309725868924360e+01 2.582846602744932341e+01
4.237862735146132565e+01 9.271493605616946354e+00 1.073856136679590279e+01
4.347974106430252306e+01 2.993798208622984802e+01 2.474192026222085516e+01
4.052350621409546250e+01 5.342431524543160037e+01 3.692391949488381897e+01
1.979228160246481494e+01 3.631431572090566817e+01 2.974526579644089708e+01
1.614232649120363305e+01 2.526210193316707020e+01 4.064062403995981754e+01
4.106328378413137159e+01 3.936640043952353807e+01 4.724246091552139859e+01
7.604127642552403188e+01 1.593195692613822878e+01 1.127977002804836992e+01
7.844776151615816673e+01 4.324461607723125667e+01 3.218622782673703853e+01
6.017316859411355523e+01 9.070487187551481156e+01 6.104990332901135019e+01
2.932266403331176718e+01 5.305610427944614571e+01 7.133921186587322438e+01
2.459447211712787507e+01 2.218789642854826383e+01 6.031431385368929909e+01
