8.108466073699526433e+00 7.895019222464059183e+00 1.042156222915342845e+01
1.023247579571285115e+01 3.383638834054846445e+00 3.432598669816830483e+00
1.492477452599476173e+01 8.090885092624819919e+00 5.039248919841909924e+00
1.696908326029415903e+01 1.225810762580261937e+01 1.008206057557589652e+01
4.139582456930454235e+00 9.797909685550582282e+00 6.225786006422789676e+00
4.765907817586199080e+00 8.694078245459147425e+00 5.764070098273684550e+00
1.571865836880962597e+01 1.417716735863930033e+01 1.733934300113850568e+01
8.206344290545922959e+00 2.587169687178853650e+00 3.259505766678351346e+00
1.740518316119978692e+01 6.899030010739053864e+00 3.986508856280901902e+00
8.373945085205399153e+00 3.401347085335165588e+01 9.029576103118479580e+00
5.408013521368051357e+00 8.448649255401244673e+00 1.740731562539079036e+01
7.496612207815614326e+00 4.655961735309302796e+00 1.397866747292991185e+01
