9.970841569538977822e+00 9.376602278437161431e+00 1.397149633061197349e+01
1.595952298486562526e+01 4.425006594245847857e+00 5.926014942203726044e+00
2.107466711791736458e+01 1.136323094859692340e+01 8.468960041787896742e+00
2.309841551545955340e+01 1.738103048752851976e+01 1.422351927281571626e+01
5.579706242077710598e+00 1.303335655456214326e+01 8.353364961953134937e+00
6.778392291183931384e+00 1.031547775087175189e+01 8.940800810031486634e+00
1.879353474132311774e+01 1.871969916947692880e+01 2.162310354025133208e+01
1.611104476238143945e+01 6.025253499025816417e+00 4.151175268101564342e+00
2.818299644297918150e+01 1.004517772490993721e+01 6.489917240246138697e+00
1.405994510996755587e+01 3.974523268045025048e+01 1.614619636321125640e+01
8.467627324105588826e+00 1.385130389449398791e+01 2.630553401509444456e+01
1.187689463147227720e+01 6.831177140221842414e+00 2.318896764227093144e+01
