2.240015546962314374e+01 2.213652357777850099e+01 2.497111094300603540e+01
3.396561865431481664e+01 1.148200920555897220e+01 1.229763444645101700e+01
3.585292538907052062e+01 3.350425992614174220e+01 2.874964617539304967e+01
3.756522431049782540e+01 4.235877583862359330e+01 3.442264801383933559e+01
2.660048413984317506e+01 3.316961081274968137e+01 3.477098794175023500e+01
1.742145816461878738e+01 2.624505716163706026e+01 3.434145892980319559e+01
3.653722396421512997e+01 3.736045722412130488e+01 4.013264413849876888e+01
7.157261023646256604e+01 1.866991983047049075e+01 1.325845975772855212e+01
7.654265850463204401e+01 6.189815681652272161e+01 4.036520211812901948e+01
6.166594222957143501e+01 8.783813824569416795e+01 6.258914426548640364e+01
3.879065507247384659e+01 5.855281058610412259e+01 6.706343020364515439e+01
2.617579062687033442e+01 2.641154334971488993e+01 5.577964587957963971e+01
