1.527586152950662779e+01 1.529109855608170854e+01 2.233705590245932981e+01
3.256437851647044823e+01 7.933239577023483591e+00 9.957413388858551428e+00
4.078215475737853524e+01 2.775291435147314800e+01 1.939398433933088484e+01
3.121168450947698503e+01 5.296215905803325086e+01 2.688526697277348987e+01
1.225557036816698719e+01 2.354082969250181279e+01 1.825655440014882558e+01
1.178741722287440652e+01 1.991614986247238051e+01 1.691067653644215341e+01
2.856736483589214970e+01 3.008424133331477179e+01 4.424895268327480125e+01
5.551945622401684233e+01 1.040786037883269266e+01 8.018264982292304666e+00
7.250921146069862289e+01 2.243579712937405901e+01 1.846308885378574871e+01
3.450409494538104838e+01 8.665152659218026088e+01 3.858643614409407263e+01
1.928647594713959990e+01 2.725482485857851245e+01 6.606185547484429321e+01
1.782924932400565154e+01 1.655785417310884711e+01 5.155440572180366132e+01
