1.106785744023651397e+01 1.040030653863337307e+01 1.434976570871101487e+01
1.741316130685086705e+01 4.763987738948276984e+00 6.224329300029697976e+00
2.164120711118791363e+01 1.192728560069246058e+01 8.761181403198797568e+00
2.150526237308177357e+01 1.812533813878109967e+01 1.552741451078970059e+01
5.894669071575366459e+00 1.520292758016757162e+01 9.150888390144439555e+00
7.298448222520120154e+00 1.133432205078439026e+01 9.300714988935816052e+00
1.927774095820802813e+01 1.952473868502295673e+01 2.212691914829384032e+01
1.869711298406960509e+01 6.025253499025816417e+00 4.920770042422304869e+00
2.714956049413023464e+01 1.098735889431648083e+01 7.310026528486096353e+00
1.433196250949363026e+01 3.872439139378014517e+01 1.651666942640233060e+01
1.006621403111251745e+01 1.430440626824174544e+01 2.571088831119537588e+01
1.189909745620192361e+01 7.573725237945916788e+00 2.319493945913537303e+01
