2.222604795821624535e+01 2.197148429276372994e+01 2.448700259628677856e+01
3.378293772049525501e+01 1.250988901864855407e+01 1.302223120654375599e+01
3.425158757148302158e+01 3.342604339514838330e+01 2.918341912853609443e+01
3.646625065161096302e+01 3.639934222905660022e+01 3.457946635560772108e+01
2.725560500237683570e+01 3.320079960683287368e+01 3.325804591068376936e+01
1.804954526706092111e+01 2.649569545459159770e+01 3.446493045048888604e+01
3.721262334140324413e+01 3.715219015803256752e+01 3.724193167428232698e+01
7.219947996947566082e+01 1.866991983047049075e+01 1.491772477292649413e+01
7.261912328543688488e+01 6.364951760453434559e+01 4.378524948410435513e+01
6.232907372101289667e+01 8.183301526274892979e+01 6.387742626652211442e+01
4.217080442626074444e+01 8.008224905258389015e+01 6.098610507034913297e+01
2.646674556568206071e+01 2.844450105075962654e+01 5.462766961014844469e+01
