1.865958009500861436e+01 1.861572867980986956e+01 2.688639044010156454e+01
4.221613721505861605e+01 9.553389668595075435e+00 1.073856136679590279e+01
4.387936788549374967e+01 3.013719948666633286e+01 2.502752456032437323e+01
4.058249660721419616e+01 4.881266109983822332e+01 3.746572623472495422e+01
1.979228160246481494e+01 3.723824717971039178e+01 2.974526579644089708e+01
1.629750070829387809e+01 2.572048685818084124e+01 4.079147464662790412e+01
4.178860187724766462e+01 3.964930721621595922e+01 4.661422747566112434e+01
7.629046891964111410e+01 1.593195692613822878e+01 1.127977002804836992e+01
7.953850819443070463e+01 4.324461607723125667e+01 3.299173744820057408e+01
6.047854945661446635e+01 9.071544919274066388e+01 6.159162092139553835e+01
2.932266403331176718e+01 5.577529643913888435e+01 7.452057299991885486e+01
2.459447211712787507e+01 2.291112889865509672e+01 6.104246398479153868e+01
