1.546371455956812824e+01 1.577283518695014131e+01 2.203746476088463879e+01
3.550912007878621068e+01 8.402997423746063177e+00 1.019965578533524031e+01
4.087991774096145292e+01 2.812404821089639029e+01 1.981810294500025549e+01
3.346477869178934128e+01 5.544576750527464526e+01 3.015950089795759226e+01
1.317816153878227858e+01 2.455662790729981637e+01 1.933214544117005218e+01
1.309413176365779030e+01 2.345731698005127797e+01 1.777065310905198814e+01
3.132681703350011659e+01 3.071495279216129504e+01 4.567806758614408835e+01
6.313576905048891774e+01 1.136356056559936434e+01 8.018264982292304666e+00
7.793441029633211770e+01 2.593421142267234458e+01 2.122564381500815145e+01
3.897785337534286754e+01 8.434213991939863320e+01 4.436857740140057871e+01
1.928647594713959990e+01 3.234496922278565734e+01 7.161289541317215424e+01
1.938106845124911004e+01 1.655785417310884711e+01 5.573890057631677308e+01
