2.240015546962314374e+01 2.211483791293979451e+01 2.486073946054538553e+01
3.390818865085652334e+01 1.169305367591247169e+01 1.248678936864834199e+01
3.616165271771617995e+01 3.364080842700305141e+01 2.879064557540680980e+01
3.972733853647297764e+01 4.151593950970092806e+01 3.449389712717207601e+01
2.704525260965049682e+01 3.316961081274968137e+01 3.507221166785173239e+01
1.742145816461878738e+01 2.615527929963279163e+01 3.454040875340059813e+01
3.704069879926380793e+01 3.747344336523888586e+01 4.103287011363146064e+01
7.211678944189380047e+01 1.866991983047049075e+01 1.325845975772855212e+01
7.610779427310771439e+01 6.225980650104858682e+01 4.158886733448505879e+01
6.174348944411669748e+01 8.880766105335072780e+01 6.234196671149211255e+01
3.881026763629582632e+01 6.072097070589408219e+01 6.632495603289376618e+01
2.617579062687033442e+01 2.641154334971488993e+01 5.307229309319553323e+01
