1.746419231427897500e+01 1.709494546066055065e+01 2.433313474710639568e+01
4.267749892418703439e+01 9.007486842890379819e+00 1.047339011150927668e+01
4.514142116270740956e+01 2.959094934037736735e+01 2.288158867676235531e+01
3.808237729950008088e+01 5.194557715976682744e+01 3.495805222662072964e+01
1.592235370220111257e+01 3.228068621672217375e+01 2.616779430737924628e+01
1.585042819077902720e+01 2.451790466616380471e+01 3.286457420155061726e+01
3.851901021045799212e+01 3.736480214681969869e+01 4.882414825638687716e+01
7.529028952030778044e+01 1.477799434057071970e+01 8.018264982292304666e+00
8.075367182854876091e+01 4.000803913996394812e+01 3.007649392055500215e+01
5.471164734724458611e+01 8.681549751047609220e+01 5.780898463754026295e+01
2.362179217061072833e+01 4.712418870119465453e+01 7.153882528489359061e+01
2.282748763448264384e+01 1.824990415722963277e+01 6.208468022457571323e+01
