1.409531077798499865e+01 1.416763134980741690e+01 1.889795056583130517e+01
2.674250893780684279e+01 6.823766756570973868e+00 9.576921491919280882e+00
2.897558220788517858e+01 2.468912538643171928e+01 1.781515885710890501e+01
3.057296074395086194e+01 2.811407058803789738e+01 2.348883172292239152e+01
9.562431915287660900e+00 1.976931416610760905e+01 1.544282063372592262e+01
1.068175393966027542e+01 1.696440730329140223e+01 1.358997430209684509e+01
2.660702020817416269e+01 2.651899122932879393e+01 2.825588183746456394e+01
2.313374708023581050e+01 7.318217829365041283e+00 7.581210256269311110e+00
4.488737919196249493e+01 1.661297922958359763e+01 1.118677251559926056e+01
2.409871829052397274e+01 5.612256055424708023e+01 2.405116341020243453e+01
1.360996361260365717e+01 1.981683623587384346e+01 3.924277558109252340e+01
1.651101756401703469e+01 1.578926218345977439e+01 2.964773065614899039e+01
