1.135329255672315441e+01 1.079959763668263406e+01 1.591911077990284973e+01
1.904090088418416116e+01 4.937926707293418538e+00 6.581039198368467957e+00
2.332894472259042118e+01 1.246133606180322317e+01 9.859271236891814283e+00
2.471965322236853879e+01 1.883221022119817434e+01 1.642636586064552162e+01
5.894669071575366459e+00 1.490960650562320389e+01 9.690841194480883658e+00
7.363807491835910213e+00 1.184313963236676059e+01 9.723653723049796582e+00
2.028229325636556979e+01 1.987400299070858267e+01 2.423493381132532676e+01
1.823150468952974634e+01 6.317474392285636675e+00 4.920770042422304869e+00
3.002053852170924486e+01 1.142468844628390912e+01 7.658231019080859348e+00
1.539312169477050674e+01 4.505885386318841768e+01 1.741747733145739474e+01
1.006621403111251745e+01 1.480654266029803523e+01 2.764297726386412890e+01
1.220018380276705194e+01 8.310841126988526284e+00 2.453030971696752971e+01
