9.840751937640934699e+00 9.006770319522065193e+00 1.162065124355676460e+01
1.276445699355748964e+01 3.869680237330798356e+00 5.641199495812220910e+00
1.789563858047208100e+01 9.876411861963365624e+00 6.849608124446316282e+00
1.810047587495046528e+01 1.396574572200265507e+01 1.230283382520028290e+01
5.372106076283393428e+00 1.246426859926013364e+01 7.073943557747742972e+00
5.736030930564832708e+00 1.010437540432342907e+01 7.453415365918195867e+00
1.738369572578552180e+01 1.625454404595115321e+01 1.920083482173230749e+01
1.102507094890986750e+01 5.404192378845136702e+00 3.425244246719024943e+00
1.973236836275547645e+01 7.971410669695309537e+00 4.408960776814913274e+00
1.054919076991592064e+01 3.595569738074300403e+01 9.832151660338928068e+00
6.469649368860463490e+00 9.865732729438237314e+00 2.047493547906114841e+01
8.750297683674389759e+00 5.227938727448992573e+00 1.770301385094299462e+01
