1.467872719224677880e+01 1.463320816732137963e+01 1.999259239172901559e+01
2.690898069766265621e+01 7.259425704399716572e+00 9.576921491919280882e+00
2.803537838535726223e+01 2.516086109560039930e+01 1.850387761603927572e+01
2.902123236972032672e+01 3.489528050050147101e+01 2.392758346767823951e+01
1.006519256229626968e+01 1.864217406113199260e+01 1.702363355190555794e+01
1.101252726336100096e+01 1.781266545816898628e+01 1.452706239410798261e+01
2.712108656342758195e+01 2.713330329702042931e+01 2.980710190882211563e+01
2.787231802847076878e+01 7.678339183056896999e+00 8.018264982292304666e+00
4.833856618619314816e+01 1.846320593840733082e+01 1.154335378901766518e+01
2.506935676949857950e+01 6.487193290086972297e+01 2.624492091694660445e+01
1.480234591977154679e+01 2.026418116732636676e+01 4.384902785936221647e+01
1.677166453536525381e+01 1.578926218345977439e+01 3.337079481489263344e+01
