1.282389570032172799e+01 1.266345757652444703e+01 2.038233081219626186e+01
2.442191003904504853e+01 5.973161059734583667e+00 6.934600697774362388e+00
2.859494588897827683e+01 2.094973306840299543e+01 1.378198475653315747e+01
2.893733691532992580e+01 2.568673389243996397e+01 1.954845637838778316e+01
7.438967239835910128e+00 1.856490825125742816e+01 1.348994593724148139e+01
9.724739549457423138e+00 1.602841148990176734e+01 1.148995549707656672e+01
2.374897557119853175e+01 2.418486508499326604e+01 2.741354248191111509e+01
2.363570166802707107e+01 6.954908069192919484e+00 7.581210256269311110e+00
3.559804097711367632e+01 1.225577522627592586e+01 9.919306314351228338e+00
2.159584748047685920e+01 4.527427094665081597e+01 2.158601961891791277e+01
1.173860711772974774e+01 1.691803901421807410e+01 3.279324183314874119e+01
1.418729238149962946e+01 1.254491993342273126e+01 2.868687891497249609e+01
