1.385734557092997221e+01 1.403801239290072722e+01 1.838373952259553690e+01
2.661260967991426440e+01 6.375209563763394094e+00 9.423487594814837109e+00
2.932042544845197085e+01 2.363350121030511275e+01 1.661896948807744323e+01
3.001593043874281008e+01 2.757604063074694878e+01 2.203425547512696170e+01
8.661267681730169699e+00 1.950753605568744220e+01 1.445209843710822284e+01
1.037952432045238638e+01 1.652436846041482710e+01 1.277357878043443229e+01
2.590461052989557089e+01 2.601079929445461048e+01 2.843401155353304688e+01
2.404781427861515652e+01 7.318217829365041283e+00 7.581210256269311110e+00
4.476768324010832600e+01 1.540064563391242913e+01 1.118677251559926056e+01
2.395377938010393848e+01 5.284935926093881875e+01 2.405116341020243453e+01
1.327714517755884138e+01 1.958822000266881957e+01 3.601006427207817495e+01
1.543555589334187417e+01 1.503473672109334025e+01 2.989800054750821445e+01
