1.409531077798499865e+01 1.435674489701355405e+01 2.000809080857952793e+01
2.669463032828969062e+01 7.026031889063862224e+00 9.576921491919280882e+00
2.883615040765532100e+01 2.475482908197471232e+01 1.822049707901317817e+01
2.947415556879438725e+01 2.818945206682805349e+01 2.375712361715588372e+01
9.686772848664611857e+00 1.985637458232604402e+01 1.596176155642650585e+01
1.068175393966027542e+01 1.732437752557397559e+01 1.376481585702040356e+01
2.689570023897099915e+01 2.679385422926077354e+01 2.821089900851747601e+01
2.320117724691466776e+01 7.318217829365041283e+00 7.581210256269311110e+00
4.284543380787345512e+01 1.773780851059176911e+01 1.118677251559926056e+01
2.409871829052397274e+01 5.631343290870167806e+01 2.465988675836116428e+01
1.449187142667916284e+01 2.003615976934232279e+01 3.997308009406359020e+01
1.651101756401703469e+01 1.578926218345977439e+01 2.977830924426769243e+01
