1.482857151493824333e+01 1.501844260674048748e+01 2.072292582341988521e+01
2.977023493100601570e+01 7.467560456379173317e+00 9.756541385750811202e+00
3.372143459320221837e+01 2.519500548247339111e+01 1.903894625100426197e+01
3.047583326976709728e+01 4.602243531378016428e+01 2.487027381243491320e+01
1.145409758053714278e+01 1.942713891522788572e+01 1.702363355190555794e+01
1.133375925162640030e+01 1.941348355503402345e+01 1.603343829246044905e+01
2.846918840178337717e+01 2.881039953733663950e+01 3.899757902818772237e+01
4.565744781514710837e+01 8.317692979366116290e+00 8.018264982292304666e+00
6.831885039339721288e+01 2.059714915823690617e+01 1.471549764801578775e+01
2.941880328733486039e+01 8.350074190469786117e+01 3.663881419350342128e+01
1.623929764620416094e+01 2.315021846216005130e+01 6.149378210823169866e+01
1.725573718756963970e+01 1.655785417310884711e+01 4.580244199279446349e+01
