1.262699438731326929e+01 1.231564279606608991e+01 1.956619341078491203e+01
2.201230634659037122e+01 5.660872191304907375e+00 6.934600697774362388e+00
2.580944992406075755e+01 1.621908611930972555e+01 1.197999300122099697e+01
2.756596436696854724e+01 2.064751311983837212e+01 1.855091792337810475e+01
6.809470025919762470e+00 1.815406621245902130e+01 1.123239806217035586e+01
9.018949979065151723e+00 1.507840101591771997e+01 1.072623363586007805e+01
2.284234345012140110e+01 2.197865151284594631e+01 2.551089444873822742e+01
2.086163081384561480e+01 6.720489334396021697e+00 7.150722119794356679e+00
3.080451063593820749e+01 1.225577522627592586e+01 8.940061049632687329e+00
1.868529331578032426e+01 4.464184376735127557e+01 2.039182482219494830e+01
1.105882422906856455e+01 1.654041446837061358e+01 2.996090979531964393e+01
1.306056973587290138e+01 9.829652189764356507e+00 2.677731803590847193e+01
