2.203026467610506245e+01 2.099779120387511355e+01 3.740463469659323437e+01
3.875558491393076110e+01 9.847861966041527637e+00 1.178067777597528831e+01
3.644601414687833341e+01 3.268078945634088228e+01 2.787770300045249883e+01
3.842177208506447528e+01 3.847538920587511058e+01 3.844162675482250080e+01
2.515656065449922352e+01 3.518058851513259100e+01 3.585563812104521730e+01
1.695711950472301410e+01 2.633950190096888377e+01 3.694588557319768540e+01
4.036250896031741320e+01 4.037439788094214066e+01 4.086706665984270614e+01
6.389935532122687789e+01 1.823219125434573229e+01 1.272799139754572195e+01
6.938810529922255910e+01 5.038582419699633164e+01 3.732132007561029496e+01
6.253339417165893366e+01 8.446654065241575893e+01 6.580516313798298711e+01
3.500092411557891836e+01 5.718312395105273538e+01 6.359461078615481000e+01
2.571100139299905862e+01 2.500347611649801394e+01 5.841915869722129884e+01
