1.385734557092997221e+01 1.408440894755919359e+01 1.843681675307210810e+01
2.681504890446167977e+01 6.375209563763394094e+00 9.423487594814837109e+00
2.924479765352829830e+01 2.385216230742080867e+01 1.694475273011383365e+01
2.987057655052550942e+01 2.782871532623110511e+01 2.263560551995202630e+01
8.796533341307791076e+00 1.928929492508553523e+01 1.445209843710822284e+01
1.037952432045238638e+01 1.692312267265192816e+01 1.332458078642666344e+01
2.614403329203582516e+01 2.591774264820897145e+01 2.860974004894718092e+01
2.404781427861515652e+01 7.318217829365041283e+00 7.581210256269311110e+00
4.405555576474728241e+01 1.598137305902165117e+01 1.118677251559926056e+01
2.409871829052397274e+01 5.663049094996172528e+01 2.405116341020243453e+01
1.360996361260365717e+01 1.981683623587384346e+01 3.479082267613873825e+01
1.571369615881130954e+01 1.503473672109334025e+01 3.000127653620903700e+01
