1.562439993628125912e+01 1.586596945606513387e+01 2.323873393466583792e+01
3.570353740195758974e+01 8.402997423746063177e+00 1.019965578533524031e+01
4.236621954730814821e+01 2.812404821089639029e+01 1.981810294500025549e+01
3.442578882727039513e+01 5.839706660698784901e+01 3.047817793214028015e+01
1.348240534123142531e+01 2.336536543548378120e+01 1.933214544117005218e+01
1.340040025603020624e+01 2.409357895678953909e+01 1.789426204130440468e+01
3.245702352427547055e+01 3.051082703177780431e+01 4.780120429133374671e+01
6.499414110629973607e+01 1.136356056559936434e+01 8.018264982292304666e+00
7.739002883957704171e+01 2.873371359048558205e+01 2.122564381500815145e+01
4.127278946339627907e+01 9.099044624590585784e+01 4.602926645139834250e+01
1.928647594713959990e+01 3.495702952348867854e+01 6.977231302655424372e+01
1.938106845124911004e+01 1.655785417310884711e+01 5.693092805860877093e+01
