9.926634464575261774e+00 9.258001030918856955e+00 1.228237922033753549e+01
1.409824973024763040e+01 3.869680237330798356e+00 5.641199495812220910e+00
1.885640738143255746e+01 1.081077466086590100e+01 7.616450739662526281e+00
2.174602852346199455e+01 1.571868261558192614e+01 1.324148502468092126e+01
5.463398145001187700e+00 1.234933308183459033e+01 7.809789717192381353e+00
6.090577743837162217e+00 1.005450339545794058e+01 8.199795567807596441e+00
1.836574980101384469e+01 1.780278182202836135e+01 2.043815046332971264e+01
1.331999791338823869e+01 5.803812778593761657e+00 3.425244246719024943e+00
2.488380306569356648e+01 8.859138865095621540e+00 4.733376410339170448e+00
1.296018345000826777e+01 3.991375535826247045e+01 1.358116155442082729e+01
6.765406127010493265e+00 1.310328915610208256e+01 2.406415920307367884e+01
1.075990436204771861e+01 6.158310786725664343e+00 1.883999165275942644e+01
