1.380479344709425504e+01 1.393288757979311399e+01 1.874418941496902491e+01
2.644721963206836435e+01 6.375209563763394094e+00 8.808664706163668257e+00
2.868517992504346381e+01 2.363350121030511275e+01 1.639299908790827587e+01
3.007730404408240332e+01 2.699428794076090199e+01 2.180151816934748155e+01
8.226371460288261162e+00 1.772085111681517589e+01 1.420801546626426948e+01
1.025284820448389489e+01 1.678800301161199826e+01 1.228206043300695249e+01
2.591138857340413182e+01 2.575663168448114959e+01 2.809134851979843361e+01
2.404781427861515652e+01 7.318217829365041283e+00 7.581210256269311110e+00
4.336892703854790909e+01 1.540064563391242913e+01 1.118677251559926056e+01
2.366740773764858474e+01 5.270047371436877626e+01 2.405116341020243453e+01
1.291549017838571878e+01 1.893033583104816131e+01 3.672883257040328431e+01
1.543555589334187417e+01 1.503473672109334025e+01 2.942261334057375777e+01
