1.294874464950599524e+01 1.266345757652444703e+01 1.987099528667708270e+01
2.485846109744867505e+01 5.973161059734583667e+00 7.156722820618183434e+00
2.812935087615172591e+01 2.154839387721102639e+01 1.447459894619003151e+01
2.975569291576380593e+01 2.593734897307965426e+01 1.972316855946582947e+01
7.438967239835910128e+00 1.826994197478123283e+01 1.348994593724148139e+01
9.724739549457423138e+00 1.725469949434047479e+01 1.148995549707656672e+01
2.414373738174625217e+01 2.444375341407018354e+01 2.763362566189316638e+01
2.348562423495238960e+01 7.318217829365041283e+00 7.581210256269311110e+00
3.679401992894645446e+01 1.274354255760032473e+01 9.919306314351228338e+00
2.159584748047685920e+01 4.826137585516261908e+01 2.158601961891791277e+01
1.173860711772974774e+01 1.728085246685454379e+01 3.345017521449592834e+01
1.418729238149962946e+01 1.289299942012626232e+01 2.835142614540560402e+01
