1.665643044129397055e+01 1.638458897198701081e+01 2.522739787110750598e+01
4.181249515861687627e+01 8.402997423746063177e+00 1.019965578533524031e+01
4.683140718873877262e+01 2.900368195741939914e+01 2.182895874897916499e+01
3.807054718271879068e+01 6.038735924838830726e+01 3.236896074366673304e+01
1.572947546539460539e+01 2.583858512117750195e+01 2.350198503127060690e+01
1.443356725818885700e+01 2.440504424408955586e+01 2.241610800794016711e+01
3.671143335590601708e+01 3.512360299945273567e+01 4.996864982014411538e+01
7.312320454833086103e+01 1.364285097171083194e+01 8.018264982292304666e+00
7.784938366418008115e+01 3.240013068089005088e+01 2.925510398448994565e+01
5.064726515504715110e+01 9.261549560274522719e+01 5.308323855628481880e+01
2.003747094524182160e+01 4.415030895777725561e+01 6.976037403337608112e+01
2.017326861327262932e+01 1.739620574264161590e+01 6.167364779075798964e+01
