1.467872719224677880e+01 1.477226695108057797e+01 1.847762275360858908e+01
2.687315612268008280e+01 7.259425704399716572e+00 9.576921491919280882e+00
2.917188725481566536e+01 2.519500548247339111e+01 1.862775826331875351e+01
2.923613641906703720e+01 3.960903316102661620e+01 2.392758346767823951e+01
1.068676489998304824e+01 1.820282204984270180e+01 1.702363355190555794e+01
1.113197400503393730e+01 1.722365951008713836e+01 1.466020787621819998e+01
2.740726630209641357e+01 2.723284703209901636e+01 3.333034930199712420e+01
3.499473611829959196e+01 7.678339183056896999e+00 8.018264982292304666e+00
5.543990101960822159e+01 1.907126230999565664e+01 1.205938365253348188e+01
2.590194127737814611e+01 6.984472782179545902e+01 2.690692885847616722e+01
1.480234591977154679e+01 2.058605328009869595e+01 4.995793561844583763e+01
1.677166453536525381e+01 1.578926218345977439e+01 3.668265027829433933e+01
