2.052197016130981666e+01 2.003923617775567934e+01 3.751569133824800417e+01
4.149106679812901177e+01 9.847861966041527637e+00 1.073856136679590279e+01
4.306875688115525946e+01 3.250611710510785457e+01 2.640750261659006171e+01
4.175270916226969575e+01 4.922847587163618499e+01 3.950277172099897172e+01
2.502757401731897957e+01 3.518058851513259100e+01 3.849099786532163847e+01
1.695711950472301410e+01 2.633950190096888377e+01 3.991927066487799891e+01
4.350663505240314777e+01 4.192385718940587225e+01 4.613698280725741796e+01
7.276613132339733170e+01 1.823219125434573229e+01 1.272799139754572195e+01
6.989968756468753952e+01 5.038582419699633164e+01 3.732132007561029496e+01
6.252413271067674572e+01 8.741737454571004662e+01 6.626194008662456270e+01
3.453674457847569812e+01 5.702708714034935156e+01 6.724583101679850472e+01
2.571100139299905862e+01 2.500347611649801394e+01 6.088592955686112873e+01
