1.618689504513592325e+01 1.625126682316929205e+01 2.433805283061213132e+01
3.983477546523749169e+01 8.402997423746063177e+00 1.019965578533524031e+01
4.361556217476073982e+01 2.900368195741939914e+01 2.051603417607057622e+01
3.497143367069621434e+01 5.752032551815049288e+01 3.148008474596460360e+01
1.411126817996307992e+01 2.866419188684442076e+01 2.226519819563534242e+01
1.376497950875649323e+01 2.264502319405044872e+01 1.873787903975616942e+01
3.389973728154707544e+01 3.289918101611036150e+01 4.726123812444814831e+01
7.125073055856755389e+01 1.251599584093260908e+01 8.018264982292304666e+00
7.799737956320718979e+01 3.129638032308810836e+01 2.605655706816974515e+01
4.486678545641557747e+01 8.873341837289498812e+01 5.006359517386236746e+01
2.003747094524182160e+01 4.023208114049550943e+01 7.195030152870575080e+01
1.938106845124911004e+01 1.739620574264161590e+01 6.032522079803091941e+01
