1.653975559785116189e+01 1.638458897198701081e+01 2.574866505918265602e+01
4.132411105121449424e+01 8.402997423746063177e+00 1.019965578533524031e+01
4.440870687633910308e+01 2.900368195741939914e+01 2.182895874897916499e+01
3.703795810321641113e+01 5.959223095919234936e+01 3.202425298131474563e+01
1.545682429119949397e+01 2.704891012552095830e+01 2.286779581470932143e+01
1.426240595761355756e+01 2.421048149859096199e+01 2.115326921141710770e+01
3.647223167125277143e+01 3.462057834112410148e+01 4.938801592508889371e+01
7.291199447556444113e+01 1.364285097171083194e+01 8.018264982292304666e+00
7.905860130142562525e+01 3.240013068089005088e+01 2.791351998890722896e+01
4.923800424643518170e+01 9.125874227811189598e+01 5.249999987711750293e+01
2.003747094524182160e+01 4.365713241262476174e+01 6.976785938293740230e+01
1.938106845124911004e+01 1.739620574264161590e+01 6.109929729783345920e+01
