1.914927609750174042e+01 1.899998294634837137e+01 2.844561072765543841e+01
4.198586671958855021e+01 9.553389668595075435e+00 1.073856136679590279e+01
4.274220191135957947e+01 3.053457269109429362e+01 2.558041707892822103e+01
4.198012939854930181e+01 4.974180432977872357e+01 3.866272285169519307e+01
2.153235795952668141e+01 3.619079494927998297e+01 3.157736599338619854e+01
1.645367574569976910e+01 2.594021492069788337e+01 4.151226783441010326e+01
4.265904470208310073e+01 4.058279767995449561e+01 4.633269525896094621e+01
7.642113944508317047e+01 1.707246162715470916e+01 1.127977002804836992e+01
7.803050855767152427e+01 4.720587455780378860e+01 3.363525089131552193e+01
6.206770632872256499e+01 8.845354791948329876e+01 6.318031506886850934e+01
3.129020045143814954e+01 5.636037445293263204e+01 7.190656380575762796e+01
2.503947653912879900e+01 2.433110769290141917e+01 6.091210668916272652e+01
