8.508530277337106540e+00 8.565081375211700987e+00 1.092898880976425247e+01
1.153290515213510226e+01 3.723872368516349951e+00 4.256665226807228031e+00
1.650770337215520556e+01 9.099109771974882577e+00 5.956761326562918235e+00
1.800798740301146594e+01 1.379097399898860132e+01 1.088201975145740974e+01
5.149956821284878750e+00 1.042299113235124253e+01 6.826444133007145254e+00
5.363667406258970871e+00 9.550871977907192445e+00 6.078902505770253484e+00
1.668194585619358250e+01 1.527242035370004736e+01 1.829348240569134276e+01
9.850650653891522168e+00 5.301947415442850087e+00 3.425244246719024943e+00
1.887872867991164227e+01 7.715053898827092915e+00 4.408960776814913274e+00
9.821604557139316682e+00 3.397115625635727554e+01 9.686695849111510270e+00
6.401499802311843013e+00 9.367395533079498904e+00 1.943110530934259117e+01
8.498460516680664156e+00 5.227938727448992573e+00 1.548568033181311598e+01
