1.200790557873144593e+01 1.177266160301065767e+01 1.880288621583234843e+01
2.137015286687141113e+01 5.356219893204259286e+00 6.934600697774362388e+00
2.527212097982733496e+01 1.526984702730193710e+01 1.144111829615251708e+01
2.627829087239899408e+01 2.047987590110144396e+01 1.797123152717829697e+01
6.252006070583901121e+00 1.766790453037764053e+01 1.071757969162494284e+01
8.357890650340770833e+00 1.433982696405972668e+01 9.926784026048673937e+00
2.215539004615132512e+01 2.144465881462242862e+01 2.550965921859405228e+01
2.038121425896179062e+01 6.720489334396021697e+00 6.749316781973333512e+00
3.087151093636843058e+01 1.153174394386487123e+01 8.276541874029598844e+00
1.725799602142759426e+01 4.174712638913848650e+01 1.938525068112127059e+01
1.071754837753856471e+01 1.590265070219403931e+01 3.019720111318617128e+01
1.276463040300340346e+01 9.482375626493674048e+00 2.602023281939121091e+01
