1.756518255632131087e+01 1.709494546066055065e+01 2.508562580601065761e+01
4.251878030497890393e+01 9.007486842890379819e+00 1.047339011150927668e+01
4.348075333270026732e+01 2.959094934037736735e+01 2.351969291660533656e+01
3.869199746824814667e+01 5.337525563522640937e+01 3.554556348459533410e+01
1.623995555971821503e+01 3.369762654057192464e+01 2.695957310213733038e+01
1.585042819077902720e+01 2.451790466616380471e+01 3.543583367324832523e+01
3.951905511864542575e+01 3.772829670760593501e+01 4.643608271055321524e+01
7.566529750522596487e+01 1.477799434057071970e+01 8.018264982292304666e+00
8.042937426600420281e+01 4.000803913996394812e+01 3.091415811795188162e+01
5.637940953553616907e+01 9.055107295372954468e+01 5.800271049195357165e+01
2.432380259590018667e+01 4.712418870119465453e+01 7.065148729948620598e+01
2.282748763448264384e+01 1.906683764738314224e+01 6.019085739861331774e+01
