1.905733806294701793e+01 1.891657925740473090e+01 2.617068773888522415e+01
4.245774999833955832e+01 9.553389668595075435e+00 1.073856136679590279e+01
4.285888755700192831e+01 3.002147061149878127e+01 2.502752456032437323e+01
4.162728054945340261e+01 5.472487953709939745e+01 3.809823501356958531e+01
2.089465718048375109e+01 3.590993377464378256e+01 3.157736599338619854e+01
1.645367574569976910e+01 2.594021492069788337e+01 4.060430246100605700e+01
4.204393837727285899e+01 4.006917363380056685e+01 4.821668316643087593e+01
7.671056650172774027e+01 1.593195692613822878e+01 1.127977002804836992e+01
7.919047713442562042e+01 4.720587455780378860e+01 3.333519004562868560e+01
6.213273770171658583e+01 8.748535214551102968e+01 6.297874089727170599e+01
3.129020045143814954e+01 5.602702341520650720e+01 7.052261650748835109e+01
2.503947653912879900e+01 2.433110769290141917e+01 6.126607222833651178e+01
