1.562439993628125912e+01 1.597792619853601259e+01 2.511510305684297251e+01
3.793791821770991390e+01 8.402997423746063177e+00 1.019965578533524031e+01
4.320036219726888049e+01 2.812404821089639029e+01 2.012704492260487399e+01
3.442578882727039513e+01 5.825802064591749030e+01 3.047817793214028015e+01
1.379826236820287022e+01 2.318902990029140554e+01 2.102904698628611513e+01
1.376497950875649323e+01 2.328945734397230893e+01 1.800736523562595792e+01
3.332148570858212366e+01 3.198604848916658483e+01 4.724899998302434767e+01
6.780681816896958480e+01 1.136356056559936434e+01 8.018264982292304666e+00
7.779382087542877855e+01 2.964865772313131131e+01 2.268297720713579579e+01
4.259529986711363136e+01 8.977049545702662670e+01 4.722204849136890203e+01
2.003747094524182160e+01 3.623316331107925237e+01 7.045533551782108361e+01
1.938106845124911004e+01 1.655785417310884711e+01 5.904407149554273815e+01
