1.500000000000000000e+02
3.000000000000000000e+02
4.500000000000000000e+02
6.000000000000000000e+02
7.500000000000000000e+02
9.000000000000000000e+02
1.050000000000000000e+03
1.200000000000000000e+03
1.350000000000000000e+03
1.500000000000000000e+03
1.628000000000000000e+03
1.778000000000000000e+03
1.928000000000000000e+03
2.078000000000000000e+03
2.228000000000000000e+03
2.378000000000000000e+03
2.528000000000000000e+03
2.678000000000000000e+03
2.828000000000000000e+03
2.978000000000000000e+03
3.106000000000000000e+03
3.250000000000000000e+03
3.400000000000000000e+03
3.550000000000000000e+03
3.700000000000000000e+03
3.836000000000000000e+03
3.986000000000000000e+03
4.136000000000000000e+03
4.286000000000000000e+03
4.436000000000000000e+03
4.586000000000000000e+03
4.736000000000000000e+03
4.886000000000000000e+03
5.036000000000000000e+03
5.186000000000000000e+03
5.336000000000000000e+03
5.486000000000000000e+03
5.636000000000000000e+03
5.700000000000000000e+03
5.850000000000000000e+03
5.930000000000000000e+03
6.080000000000000000e+03
6.230000000000000000e+03
6.358000000000000000e+03
6.460000000000000000e+03
6.598000000000000000e+03
6.691000000000000000e+03
6.841000000000000000e+03
6.939000000000000000e+03
7.089000000000000000e+03
7.239000000000000000e+03
7.389000000000000000e+03
7.539000000000000000e+03
7.659000000000000000e+03
7.747000000000000000e+03
7.897000000000000000e+03
7.998000000000000000e+03
8.129000000000000000e+03
8.279000000000000000e+03
8.393000000000000000e+03
8.469000000000000000e+03
8.619000000000000000e+03
8.769000000000000000e+03
8.863000000000000000e+03
9.013000000000000000e+03
9.137000000000000000e+03
9.287000000000000000e+03
9.437000000000000000e+03
9.494000000000000000e+03
9.644000000000000000e+03
9.794000000000000000e+03
9.944000000000000000e+03
1.009400000000000000e+04
1.024400000000000000e+04
1.039400000000000000e+04
1.048100000000000000e+04
1.063100000000000000e+04
1.078100000000000000e+04
1.087000000000000000e+04
1.102000000000000000e+04
1.110700000000000000e+04
1.125700000000000000e+04
1.133500000000000000e+04
1.145400000000000000e+04
1.160400000000000000e+04
1.168300000000000000e+04
1.182900000000000000e+04
1.192300000000000000e+04
1.207300000000000000e+04
1.222300000000000000e+04
1.229800000000000000e+04
1.239300000000000000e+04
1.251800000000000000e+04
1.259100000000000000e+04
1.270700000000000000e+04
1.285700000000000000e+04
1.300700000000000000e+04
1.315700000000000000e+04
1.330700000000000000e+04
1.345700000000000000e+04
1.360700000000000000e+04
1.375700000000000000e+04
1.390700000000000000e+04
1.396600000000000000e+04
1.405600000000000000e+04
1.411400000000000000e+04
1.420200000000000000e+04
1.428300000000000000e+04
1.443300000000000000e+04
1.451000000000000000e+04
1.464000000000000000e+04
1.479000000000000000e+04
1.494000000000000000e+04
1.509000000000000000e+04
1.517600000000000000e+04
1.530100000000000000e+04
1.545100000000000000e+04
1.551600000000000000e+04
1.566600000000000000e+04
1.581600000000000000e+04
1.596600000000000000e+04
1.611600000000000000e+04
1.626200000000000000e+04
1.639200000000000000e+04
1.654200000000000000e+04
1.669200000000000000e+04
1.684200000000000000e+04
1.699200000000000000e+04
1.709800000000000000e+04
1.724800000000000000e+04
1.739800000000000000e+04
1.748200000000000000e+04
1.757600000000000000e+04
1.772600000000000000e+04
1.787600000000000000e+04
1.798200000000000000e+04
1.806300000000000000e+04
1.811500000000000000e+04
1.824600000000000000e+04
1.835100000000000000e+04
1.850100000000000000e+04
1.863000000000000000e+04
1.874400000000000000e+04
1.889400000000000000e+04
1.894200000000000000e+04
1.909200000000000000e+04
1.918400000000000000e+04
1.925100000000000000e+04
1.940100000000000000e+04
1.953200000000000000e+04
1.968200000000000000e+04
1.982800000000000000e+04
1.997800000000000000e+04
2.012800000000000000e+04
2.027800000000000000e+04
2.038700000000000000e+04
2.053700000000000000e+04
2.068700000000000000e+04
2.075200000000000000e+04
2.088000000000000000e+04
2.103000000000000000e+04
2.110800000000000000e+04
2.125800000000000000e+04
2.137900000000000000e+04
2.152900000000000000e+04
2.167900000000000000e+04
2.182900000000000000e+04
2.191600000000000000e+04
2.206600000000000000e+04
2.217100000000000000e+04
2.232100000000000000e+04
2.247100000000000000e+04
2.255300000000000000e+04
2.270300000000000000e+04
2.277200000000000000e+04
2.286600000000000000e+04
2.301600000000000000e+04
2.316600000000000000e+04
2.331600000000000000e+04
2.343000000000000000e+04
2.349400000000000000e+04
2.364400000000000000e+04
2.379400000000000000e+04
2.386800000000000000e+04
2.401800000000000000e+04
2.416800000000000000e+04
2.431800000000000000e+04
2.446800000000000000e+04
2.458600000000000000e+04
2.464300000000000000e+04
2.479300000000000000e+04
2.488200000000000000e+04
2.503200000000000000e+04
2.518200000000000000e+04
2.533200000000000000e+04
2.548200000000000000e+04
2.558100000000000000e+04
2.573100000000000000e+04
2.579900000000000000e+04
2.586900000000000000e+04
2.601900000000000000e+04
2.612000000000000000e+04
2.627000000000000000e+04
2.636800000000000000e+04
2.645300000000000000e+04
2.660300000000000000e+04
2.675300000000000000e+04
2.690300000000000000e+04
2.705300000000000000e+04
2.716100000000000000e+04
2.731100000000000000e+04
2.738900000000000000e+04
2.753900000000000000e+04
2.768900000000000000e+04
2.783900000000000000e+04
2.793900000000000000e+04
2.800600000000000000e+04
2.809900000000000000e+04
2.824900000000000000e+04
2.839900000000000000e+04
2.854000000000000000e+04
2.860600000000000000e+04
2.875600000000000000e+04
2.890600000000000000e+04
2.905600000000000000e+04
2.920600000000000000e+04
2.932200000000000000e+04
2.947200000000000000e+04
2.962200000000000000e+04
2.968800000000000000e+04
2.983800000000000000e+04
2.994300000000000000e+04
3.002000000000000000e+04
3.007300000000000000e+04
3.019900000000000000e+04
3.031700000000000000e+04
3.046700000000000000e+04
3.061700000000000000e+04
3.076700000000000000e+04
3.091700000000000000e+04
3.097600000000000000e+04
3.104200000000000000e+04
3.119200000000000000e+04
3.132000000000000000e+04
3.147000000000000000e+04
3.162000000000000000e+04
3.174700000000000000e+04
3.189700000000000000e+04
3.201700000000000000e+04
3.214100000000000000e+04
3.229100000000000000e+04
3.244100000000000000e+04
3.259100000000000000e+04
3.274100000000000000e+04
3.289100000000000000e+04
3.299100000000000000e+04
3.314100000000000000e+04
3.319100000000000000e+04
3.334100000000000000e+04
3.349100000000000000e+04
3.359600000000000000e+04
3.369100000000000000e+04
3.384100000000000000e+04
3.393200000000000000e+04
3.408200000000000000e+04
3.423200000000000000e+04
3.438200000000000000e+04
3.448400000000000000e+04
3.463400000000000000e+04
3.476800000000000000e+04
3.486600000000000000e+04
3.497600000000000000e+04
3.512600000000000000e+04
3.527600000000000000e+04
3.533000000000000000e+04
3.548000000000000000e+04
3.563000000000000000e+04
3.573200000000000000e+04
3.581800000000000000e+04
3.596800000000000000e+04
3.611800000000000000e+04
3.618400000000000000e+04
3.628100000000000000e+04
3.643100000000000000e+04
3.657300000000000000e+04
3.662600000000000000e+04
3.677600000000000000e+04
3.692600000000000000e+04
3.707600000000000000e+04
3.714500000000000000e+04
3.719700000000000000e+04
3.724100000000000000e+04
3.729800000000000000e+04
3.734000000000000000e+04
3.738200000000000000e+04
3.743300000000000000e+04
3.747800000000000000e+04
3.752600000000000000e+04
3.759000000000000000e+04
3.765700000000000000e+04
3.770800000000000000e+04
3.776500000000000000e+04
3.783900000000000000e+04
3.788400000000000000e+04
3.793700000000000000e+04
3.798300000000000000e+04
3.803200000000000000e+04
3.809200000000000000e+04
3.815200000000000000e+04
3.819800000000000000e+04
3.824100000000000000e+04
3.829400000000000000e+04
3.837600000000000000e+04
3.843800000000000000e+04
3.848300000000000000e+04
3.853300000000000000e+04
3.857800000000000000e+04
3.863700000000000000e+04
3.867500000000000000e+04
3.872500000000000000e+04
3.878700000000000000e+04
3.883300000000000000e+04
3.887700000000000000e+04
3.893900000000000000e+04
3.898700000000000000e+04
3.904100000000000000e+04
3.910100000000000000e+04
3.914000000000000000e+04
3.920100000000000000e+04
3.924000000000000000e+04
3.929900000000000000e+04
3.935800000000000000e+04
3.939800000000000000e+04
3.944300000000000000e+04
3.949400000000000000e+04
3.953400000000000000e+04
3.958100000000000000e+04
3.962100000000000000e+04
3.968300000000000000e+04
3.973400000000000000e+04
3.980500000000000000e+04
3.985600000000000000e+04
3.991300000000000000e+04
3.997700000000000000e+04
4.002900000000000000e+04
4.013000000000000000e+04
4.017300000000000000e+04
4.022400000000000000e+04
4.028200000000000000e+04
4.032600000000000000e+04
4.037400000000000000e+04
4.043500000000000000e+04
4.048000000000000000e+04
4.054500000000000000e+04
4.058300000000000000e+04
4.061800000000000000e+04
4.066500000000000000e+04
4.073000000000000000e+04
4.077700000000000000e+04
4.081400000000000000e+04
4.085900000000000000e+04
4.092000000000000000e+04
4.096800000000000000e+04
4.102300000000000000e+04
4.107400000000000000e+04
4.113900000000000000e+04
4.118400000000000000e+04
4.122000000000000000e+04
4.129200000000000000e+04
4.133500000000000000e+04
4.138900000000000000e+04
4.144100000000000000e+04
4.149800000000000000e+04
4.156100000000000000e+04
4.160400000000000000e+04
4.164500000000000000e+04
4.168500000000000000e+04
4.172400000000000000e+04
4.177500000000000000e+04
4.181700000000000000e+04
4.186400000000000000e+04
4.190400000000000000e+04
4.194500000000000000e+04
4.198600000000000000e+04
4.204800000000000000e+04
4.211000000000000000e+04
4.215500000000000000e+04
4.221200000000000000e+04
4.225000000000000000e+04
4.229800000000000000e+04
4.233700000000000000e+04
4.238000000000000000e+04
4.247200000000000000e+04
4.253600000000000000e+04
4.259700000000000000e+04
4.267000000000000000e+04
4.272700000000000000e+04
4.277800000000000000e+04
4.283800000000000000e+04
4.288600000000000000e+04
4.293500000000000000e+04
4.301300000000000000e+04
4.305400000000000000e+04
4.309800000000000000e+04
4.313400000000000000e+04
4.318500000000000000e+04
4.321800000000000000e+04
4.327500000000000000e+04
4.331200000000000000e+04
4.337500000000000000e+04
4.342500000000000000e+04
4.346500000000000000e+04
4.353100000000000000e+04
4.361700000000000000e+04
4.365300000000000000e+04
4.369800000000000000e+04
4.376700000000000000e+04
4.381700000000000000e+04
4.387500000000000000e+04
4.392200000000000000e+04
4.396000000000000000e+04
4.400900000000000000e+04
4.405400000000000000e+04
4.410000000000000000e+04
4.418400000000000000e+04
4.422700000000000000e+04
4.427100000000000000e+04
4.433100000000000000e+04
4.437800000000000000e+04
4.441600000000000000e+04
4.447100000000000000e+04
4.452100000000000000e+04
4.456900000000000000e+04
4.461200000000000000e+04
4.465600000000000000e+04
4.471500000000000000e+04
4.476100000000000000e+04
4.481000000000000000e+04
4.486700000000000000e+04
4.491400000000000000e+04
4.496800000000000000e+04
4.500900000000000000e+04
4.506600000000000000e+04
4.511200000000000000e+04
4.522300000000000000e+04
4.528900000000000000e+04
4.536100000000000000e+04
4.540900000000000000e+04
4.545900000000000000e+04
4.550300000000000000e+04
4.556000000000000000e+04
4.560400000000000000e+04
4.564700000000000000e+04
4.571400000000000000e+04
4.575100000000000000e+04
4.580700000000000000e+04
4.585600000000000000e+04
4.590700000000000000e+04
4.596500000000000000e+04
4.601100000000000000e+04
4.605700000000000000e+04
4.611100000000000000e+04
4.615100000000000000e+04
4.619700000000000000e+04
4.624000000000000000e+04
4.627700000000000000e+04
4.634300000000000000e+04
4.638500000000000000e+04
4.642300000000000000e+04
4.648100000000000000e+04
4.652300000000000000e+04
4.657500000000000000e+04
4.663300000000000000e+04
4.668400000000000000e+04
4.672600000000000000e+04
4.675900000000000000e+04
4.681800000000000000e+04
4.685300000000000000e+04
4.691600000000000000e+04
4.696300000000000000e+04
4.702600000000000000e+04
4.706400000000000000e+04
4.712000000000000000e+04
4.716900000000000000e+04
4.723400000000000000e+04
4.727900000000000000e+04
4.732900000000000000e+04
4.740200000000000000e+04
4.744200000000000000e+04
4.750200000000000000e+04
4.754500000000000000e+04
4.761000000000000000e+04
4.766000000000000000e+04
4.772100000000000000e+04
4.777700000000000000e+04
4.782400000000000000e+04
4.787000000000000000e+04
4.791800000000000000e+04
4.796300000000000000e+04
4.802200000000000000e+04
4.807200000000000000e+04
4.812600000000000000e+04
4.819200000000000000e+04
4.823400000000000000e+04
4.829000000000000000e+04
4.834300000000000000e+04
4.838800000000000000e+04
4.843800000000000000e+04
4.848800000000000000e+04
4.853700000000000000e+04
4.858200000000000000e+04
4.862300000000000000e+04
4.866500000000000000e+04
4.871500000000000000e+04
4.876800000000000000e+04
4.880500000000000000e+04
4.885900000000000000e+04
4.890700000000000000e+04
4.894500000000000000e+04
4.899300000000000000e+04
4.903400000000000000e+04
4.907100000000000000e+04
4.911900000000000000e+04
4.917200000000000000e+04
4.922200000000000000e+04
4.927400000000000000e+04
4.932300000000000000e+04
4.936400000000000000e+04
4.940600000000000000e+04
4.945100000000000000e+04
4.948600000000000000e+04
4.957200000000000000e+04
4.961300000000000000e+04
4.967100000000000000e+04
4.971700000000000000e+04
4.977200000000000000e+04
4.984700000000000000e+04
4.989300000000000000e+04
4.993600000000000000e+04
4.998000000000000000e+04
5.002900000000000000e+04
5.007400000000000000e+04
5.011800000000000000e+04
5.017100000000000000e+04
5.021300000000000000e+04
5.024900000000000000e+04
5.031400000000000000e+04
5.035100000000000000e+04
5.040500000000000000e+04
5.044800000000000000e+04
5.048800000000000000e+04
5.053700000000000000e+04
5.061500000000000000e+04
5.067700000000000000e+04
5.072600000000000000e+04
5.078000000000000000e+04
5.082200000000000000e+04
5.088300000000000000e+04
5.092400000000000000e+04
5.096500000000000000e+04
5.101700000000000000e+04
5.106800000000000000e+04
5.113000000000000000e+04
5.118500000000000000e+04
5.122700000000000000e+04
5.127200000000000000e+04
5.131400000000000000e+04
5.136900000000000000e+04
5.141500000000000000e+04
5.145500000000000000e+04
5.151100000000000000e+04
5.156000000000000000e+04
5.160600000000000000e+04
5.165000000000000000e+04
5.169400000000000000e+04
5.174100000000000000e+04
5.179400000000000000e+04
5.186300000000000000e+04
5.191800000000000000e+04
5.196800000000000000e+04
5.202800000000000000e+04
5.206700000000000000e+04
5.213200000000000000e+04
5.218900000000000000e+04
5.224500000000000000e+04
5.230100000000000000e+04
5.234400000000000000e+04
5.240200000000000000e+04
5.244800000000000000e+04
5.249600000000000000e+04
5.255000000000000000e+04
5.260700000000000000e+04
5.264600000000000000e+04
5.267900000000000000e+04
5.272400000000000000e+04
5.276000000000000000e+04
5.280800000000000000e+04
5.285100000000000000e+04
5.290300000000000000e+04
5.294200000000000000e+04
5.298500000000000000e+04
5.302800000000000000e+04
5.307900000000000000e+04
5.312000000000000000e+04
5.317200000000000000e+04
5.321500000000000000e+04
5.326700000000000000e+04
5.331100000000000000e+04
5.337500000000000000e+04
5.342100000000000000e+04
5.347300000000000000e+04
5.352600000000000000e+04
5.358000000000000000e+04
5.362500000000000000e+04
5.366300000000000000e+04
5.371100000000000000e+04
5.377100000000000000e+04
5.381100000000000000e+04
5.385900000000000000e+04
5.389600000000000000e+04
5.396100000000000000e+04
5.400700000000000000e+04
5.407800000000000000e+04
5.413500000000000000e+04
5.419200000000000000e+04
5.423200000000000000e+04
5.430100000000000000e+04
5.434200000000000000e+04
5.439600000000000000e+04
5.444600000000000000e+04
5.451100000000000000e+04
5.455900000000000000e+04
5.461300000000000000e+04
5.468800000000000000e+04
5.473500000000000000e+04
5.477800000000000000e+04
5.481500000000000000e+04
5.487900000000000000e+04
5.492500000000000000e+04
5.497500000000000000e+04
5.503100000000000000e+04
5.507600000000000000e+04
5.513300000000000000e+04
5.517700000000000000e+04
5.522000000000000000e+04
5.527600000000000000e+04
5.532700000000000000e+04
5.539900000000000000e+04
5.544200000000000000e+04
5.548800000000000000e+04
5.554600000000000000e+04
5.560000000000000000e+04
5.567000000000000000e+04
5.574500000000000000e+04
5.580900000000000000e+04
5.585900000000000000e+04
5.590100000000000000e+04
5.595300000000000000e+04
5.599900000000000000e+04
5.604900000000000000e+04
5.608700000000000000e+04
5.613900000000000000e+04
5.619100000000000000e+04
5.623100000000000000e+04
5.627400000000000000e+04
5.631900000000000000e+04
5.636400000000000000e+04
5.640300000000000000e+04
5.645900000000000000e+04
5.652600000000000000e+04
5.658000000000000000e+04
5.665500000000000000e+04
5.670300000000000000e+04
5.676000000000000000e+04
5.680400000000000000e+04
5.686200000000000000e+04
5.691200000000000000e+04
5.696000000000000000e+04
5.700500000000000000e+04
5.706500000000000000e+04
5.711300000000000000e+04
5.716400000000000000e+04
5.721400000000000000e+04
5.727200000000000000e+04
5.732800000000000000e+04
5.740300000000000000e+04
5.745000000000000000e+04
5.748800000000000000e+04
5.754200000000000000e+04
5.758400000000000000e+04
5.763300000000000000e+04
5.769000000000000000e+04
5.772900000000000000e+04
5.778500000000000000e+04
5.788000000000000000e+04
5.792900000000000000e+04
5.797000000000000000e+04
5.801300000000000000e+04
5.806200000000000000e+04
5.812000000000000000e+04
5.816400000000000000e+04
5.820200000000000000e+04
5.824300000000000000e+04
5.829300000000000000e+04
5.833800000000000000e+04
5.838200000000000000e+04
5.842100000000000000e+04
5.846700000000000000e+04
5.851900000000000000e+04
5.857100000000000000e+04
5.863100000000000000e+04
5.867200000000000000e+04
5.870900000000000000e+04
5.876200000000000000e+04
5.881300000000000000e+04
5.885300000000000000e+04
5.890900000000000000e+04
5.897600000000000000e+04
5.901300000000000000e+04
5.906900000000000000e+04
5.912200000000000000e+04
5.918300000000000000e+04
5.922300000000000000e+04
5.927600000000000000e+04
5.932400000000000000e+04
5.937300000000000000e+04
5.942300000000000000e+04
5.946500000000000000e+04
5.951400000000000000e+04
5.957900000000000000e+04
5.962100000000000000e+04
5.966700000000000000e+04
5.973100000000000000e+04
5.977500000000000000e+04
5.984300000000000000e+04
5.989400000000000000e+04
5.995300000000000000e+04
5.999400000000000000e+04
6.004700000000000000e+04
6.009900000000000000e+04
6.015100000000000000e+04
6.019100000000000000e+04
6.025800000000000000e+04
6.030200000000000000e+04
6.037700000000000000e+04
6.045200000000000000e+04
6.049100000000000000e+04
6.054000000000000000e+04
6.059000000000000000e+04
6.064400000000000000e+04
6.069200000000000000e+04
6.073400000000000000e+04
6.077300000000000000e+04
6.083000000000000000e+04
6.087000000000000000e+04
6.091700000000000000e+04
6.095600000000000000e+04
6.100500000000000000e+04
6.106400000000000000e+04
6.111000000000000000e+04
6.118200000000000000e+04
6.122700000000000000e+04
6.126800000000000000e+04
6.130900000000000000e+04
6.136400000000000000e+04
6.141200000000000000e+04
6.146600000000000000e+04
6.152500000000000000e+04
6.157500000000000000e+04
6.162300000000000000e+04
6.168000000000000000e+04
6.174400000000000000e+04
6.178700000000000000e+04
6.183500000000000000e+04
6.191400000000000000e+04
6.195500000000000000e+04
6.200400000000000000e+04
6.209800000000000000e+04
6.213900000000000000e+04
6.218500000000000000e+04
6.223900000000000000e+04
6.229900000000000000e+04
6.234700000000000000e+04
6.240900000000000000e+04
6.246300000000000000e+04
6.252100000000000000e+04
6.256600000000000000e+04
6.260800000000000000e+04
6.265500000000000000e+04
6.270100000000000000e+04
6.275500000000000000e+04
6.280700000000000000e+04
6.285100000000000000e+04
6.291700000000000000e+04
6.295600000000000000e+04
6.300400000000000000e+04
6.306000000000000000e+04
6.310200000000000000e+04
6.315500000000000000e+04
6.325300000000000000e+04
6.329400000000000000e+04
6.335200000000000000e+04
6.340900000000000000e+04
6.346200000000000000e+04
6.351700000000000000e+04
6.355300000000000000e+04
6.361200000000000000e+04
6.365400000000000000e+04
6.369700000000000000e+04
6.376000000000000000e+04
6.382800000000000000e+04
6.387500000000000000e+04
6.393300000000000000e+04
6.397200000000000000e+04
6.403000000000000000e+04
6.407900000000000000e+04
6.413300000000000000e+04
6.417900000000000000e+04
6.422300000000000000e+04
6.427600000000000000e+04
6.431500000000000000e+04
6.435800000000000000e+04
6.440800000000000000e+04
6.445800000000000000e+04
6.451500000000000000e+04
6.457500000000000000e+04
6.463800000000000000e+04
6.468700000000000000e+04
6.473300000000000000e+04
6.477300000000000000e+04
6.482000000000000000e+04
6.487200000000000000e+04
6.491600000000000000e+04
6.495700000000000000e+04
6.501200000000000000e+04
6.505300000000000000e+04
6.509800000000000000e+04
6.517100000000000000e+04
6.520900000000000000e+04
6.524900000000000000e+04
6.529200000000000000e+04
6.533500000000000000e+04
6.537800000000000000e+04
6.542500000000000000e+04
6.546800000000000000e+04
6.551900000000000000e+04
6.555600000000000000e+04
6.560500000000000000e+04
6.566100000000000000e+04
6.572000000000000000e+04
6.577900000000000000e+04
6.583900000000000000e+04
6.588000000000000000e+04
6.592600000000000000e+04
6.598100000000000000e+04
6.604100000000000000e+04
6.609000000000000000e+04
6.613200000000000000e+04
6.618400000000000000e+04
6.622500000000000000e+04
6.626400000000000000e+04
6.630900000000000000e+04
6.635900000000000000e+04
6.642900000000000000e+04
6.649100000000000000e+04
6.653800000000000000e+04
6.659700000000000000e+04
6.664800000000000000e+04
6.668600000000000000e+04
6.675100000000000000e+04
6.680700000000000000e+04
6.684700000000000000e+04
6.691800000000000000e+04
6.696900000000000000e+04
6.702100000000000000e+04
6.707900000000000000e+04
6.713500000000000000e+04
6.717800000000000000e+04
6.722200000000000000e+04
6.726900000000000000e+04
6.732200000000000000e+04
6.736900000000000000e+04
6.741600000000000000e+04
6.746600000000000000e+04
6.750800000000000000e+04
6.756200000000000000e+04
6.761100000000000000e+04
6.765400000000000000e+04
6.770600000000000000e+04
6.776100000000000000e+04
6.780500000000000000e+04
6.785500000000000000e+04
6.792600000000000000e+04
6.798500000000000000e+04
6.804200000000000000e+04
6.809700000000000000e+04
6.813900000000000000e+04
6.819500000000000000e+04
6.824200000000000000e+04
6.828900000000000000e+04
6.834700000000000000e+04
6.839200000000000000e+04
6.843700000000000000e+04
6.848200000000000000e+04
6.855100000000000000e+04
6.861300000000000000e+04
6.867500000000000000e+04
6.871100000000000000e+04
6.883100000000000000e+04
6.887100000000000000e+04
6.891500000000000000e+04
6.897400000000000000e+04
6.902300000000000000e+04
6.907100000000000000e+04
6.910600000000000000e+04
6.915800000000000000e+04
6.921300000000000000e+04
6.926300000000000000e+04
6.932300000000000000e+04
6.937800000000000000e+04
6.941900000000000000e+04
6.947000000000000000e+04
6.952500000000000000e+04
6.959400000000000000e+04
6.963800000000000000e+04
6.968300000000000000e+04
6.974600000000000000e+04
6.978400000000000000e+04
6.983500000000000000e+04
6.990300000000000000e+04
6.998400000000000000e+04
7.002800000000000000e+04
7.007300000000000000e+04
7.012800000000000000e+04
7.018000000000000000e+04
7.022300000000000000e+04
7.026200000000000000e+04
7.030100000000000000e+04
7.035000000000000000e+04
7.039600000000000000e+04
7.045900000000000000e+04
7.052000000000000000e+04
7.057400000000000000e+04
7.063500000000000000e+04
7.067000000000000000e+04
7.071800000000000000e+04
7.075800000000000000e+04
7.081700000000000000e+04
7.086500000000000000e+04
7.090900000000000000e+04
7.096100000000000000e+04
7.103600000000000000e+04
7.108700000000000000e+04
7.114100000000000000e+04
7.119800000000000000e+04
7.126100000000000000e+04
7.131100000000000000e+04
7.136600000000000000e+04
7.142300000000000000e+04
7.147400000000000000e+04
7.159000000000000000e+04
7.163000000000000000e+04
7.168500000000000000e+04
7.174200000000000000e+04
7.179300000000000000e+04
7.184200000000000000e+04
7.189100000000000000e+04
7.194300000000000000e+04
7.199900000000000000e+04
7.203300000000000000e+04
7.208500000000000000e+04
7.213600000000000000e+04
7.220400000000000000e+04
7.225500000000000000e+04
7.229500000000000000e+04
7.235300000000000000e+04
7.241500000000000000e+04
7.246200000000000000e+04
7.254000000000000000e+04
7.259300000000000000e+04
7.263800000000000000e+04
7.268800000000000000e+04
7.274300000000000000e+04
7.278400000000000000e+04
7.284300000000000000e+04
7.289300000000000000e+04
7.296000000000000000e+04
7.303100000000000000e+04
7.308400000000000000e+04
7.315800000000000000e+04
7.322900000000000000e+04
7.328600000000000000e+04
7.333800000000000000e+04
7.339500000000000000e+04
7.347100000000000000e+04
7.352500000000000000e+04
7.359300000000000000e+04
7.364400000000000000e+04
7.368500000000000000e+04
7.372900000000000000e+04
7.378000000000000000e+04
7.383600000000000000e+04
7.387700000000000000e+04
7.392000000000000000e+04
7.397700000000000000e+04
7.402100000000000000e+04
7.407100000000000000e+04
7.411600000000000000e+04
7.415700000000000000e+04
7.421500000000000000e+04
7.426100000000000000e+04
7.430900000000000000e+04
7.435200000000000000e+04
7.438900000000000000e+04
7.444300000000000000e+04
7.449300000000000000e+04
7.455200000000000000e+04
7.460600000000000000e+04
7.465100000000000000e+04
7.469800000000000000e+04
7.474200000000000000e+04
7.480300000000000000e+04
7.484800000000000000e+04
7.490600000000000000e+04
7.494500000000000000e+04
7.500000000000000000e+04
7.505600000000000000e+04
7.509400000000000000e+04
7.513100000000000000e+04
7.518000000000000000e+04
7.523800000000000000e+04
7.529100000000000000e+04
7.534300000000000000e+04
7.539600000000000000e+04
7.545200000000000000e+04
7.549200000000000000e+04
7.555600000000000000e+04
7.562100000000000000e+04
7.569600000000000000e+04
7.578000000000000000e+04
7.583700000000000000e+04
7.598700000000000000e+04
7.607500000000000000e+04
7.611300000000000000e+04
7.615900000000000000e+04
7.620600000000000000e+04
7.626400000000000000e+04
7.631200000000000000e+04
7.637500000000000000e+04
7.643300000000000000e+04
7.649100000000000000e+04
7.661100000000000000e+04
7.666100000000000000e+04
7.674700000000000000e+04
7.678600000000000000e+04
7.692500000000000000e+04
7.707500000000000000e+04
7.715500000000000000e+04
7.722100000000000000e+04
7.733200000000000000e+04
7.748200000000000000e+04
7.763200000000000000e+04
7.778200000000000000e+04
7.793200000000000000e+04
7.804800000000000000e+04
7.813000000000000000e+04
7.817800000000000000e+04
7.831000000000000000e+04
7.843400000000000000e+04
7.848600000000000000e+04
7.855000000000000000e+04
7.870000000000000000e+04
7.878900000000000000e+04
7.888200000000000000e+04
7.892900000000000000e+04
7.902000000000000000e+04
7.913600000000000000e+04
7.920300000000000000e+04
7.923800000000000000e+04
7.930200000000000000e+04
7.934000000000000000e+04
7.940800000000000000e+04
7.946500000000000000e+04
7.952200000000000000e+04
7.967200000000000000e+04
7.982200000000000000e+04
7.997200000000000000e+04
8.006400000000000000e+04
8.012400000000000000e+04
8.021000000000000000e+04
8.028200000000000000e+04
8.033700000000000000e+04
8.042500000000000000e+04
8.051700000000000000e+04
8.063500000000000000e+04
8.068600000000000000e+04
8.075100000000000000e+04
8.081200000000000000e+04
8.085800000000000000e+04
8.090200000000000000e+04
8.097800000000000000e+04
8.104700000000000000e+04
8.110900000000000000e+04
8.118500000000000000e+04
8.124100000000000000e+04
8.130000000000000000e+04
8.135800000000000000e+04
8.140800000000000000e+04
8.144900000000000000e+04
8.149800000000000000e+04
8.155300000000000000e+04
8.162100000000000000e+04
8.169200000000000000e+04
8.175200000000000000e+04
8.181600000000000000e+04
8.186700000000000000e+04
8.192000000000000000e+04
8.197600000000000000e+04
8.203300000000000000e+04
8.209700000000000000e+04
8.214100000000000000e+04
8.218400000000000000e+04
8.224300000000000000e+04
8.228900000000000000e+04
8.233900000000000000e+04
8.239800000000000000e+04
8.244000000000000000e+04
8.250400000000000000e+04
8.255600000000000000e+04
8.260700000000000000e+04
8.265900000000000000e+04
8.269900000000000000e+04
8.274900000000000000e+04
8.282300000000000000e+04
8.288200000000000000e+04
8.295000000000000000e+04
8.299300000000000000e+04
8.304200000000000000e+04
8.311800000000000000e+04
8.316600000000000000e+04
8.322200000000000000e+04
8.327700000000000000e+04
8.335200000000000000e+04
8.341800000000000000e+04
8.348300000000000000e+04
8.352800000000000000e+04
8.357600000000000000e+04
8.364500000000000000e+04
8.369900000000000000e+04
8.376000000000000000e+04
8.382500000000000000e+04
8.389200000000000000e+04
8.394800000000000000e+04
8.402000000000000000e+04
8.406200000000000000e+04
8.410900000000000000e+04
8.417300000000000000e+04
8.424300000000000000e+04
8.429700000000000000e+04
8.434500000000000000e+04
8.439600000000000000e+04
8.444900000000000000e+04
8.450100000000000000e+04
8.454200000000000000e+04
8.460000000000000000e+04
8.465400000000000000e+04
8.472000000000000000e+04
8.478800000000000000e+04
8.484700000000000000e+04
8.490900000000000000e+04
8.497800000000000000e+04
8.502400000000000000e+04
8.508100000000000000e+04
8.513600000000000000e+04
8.519300000000000000e+04
8.523400000000000000e+04
8.530000000000000000e+04
8.537000000000000000e+04
8.542400000000000000e+04
8.548000000000000000e+04
8.554000000000000000e+04
8.559800000000000000e+04
8.564500000000000000e+04
8.569900000000000000e+04
8.575600000000000000e+04
8.581100000000000000e+04
8.585700000000000000e+04
8.591000000000000000e+04
8.596000000000000000e+04
8.600900000000000000e+04
8.605600000000000000e+04
8.612800000000000000e+04
8.618500000000000000e+04
8.626900000000000000e+04
8.634700000000000000e+04
8.639700000000000000e+04
8.645600000000000000e+04
8.653400000000000000e+04
8.659100000000000000e+04
8.665300000000000000e+04
8.670800000000000000e+04
8.676400000000000000e+04
8.680900000000000000e+04
8.689400000000000000e+04
8.695000000000000000e+04
8.703700000000000000e+04
8.709900000000000000e+04
8.717500000000000000e+04
8.722600000000000000e+04
8.729000000000000000e+04
8.735100000000000000e+04
8.740900000000000000e+04
8.746800000000000000e+04
8.753400000000000000e+04
8.759400000000000000e+04
8.763300000000000000e+04
8.768100000000000000e+04
8.773100000000000000e+04
8.779500000000000000e+04
8.783700000000000000e+04
8.789500000000000000e+04
8.795000000000000000e+04
8.801000000000000000e+04
8.806400000000000000e+04
8.810600000000000000e+04
8.814200000000000000e+04
8.819500000000000000e+04
8.824100000000000000e+04
8.829200000000000000e+04
8.835000000000000000e+04
8.838800000000000000e+04
8.844400000000000000e+04
8.850600000000000000e+04
8.856000000000000000e+04
8.862100000000000000e+04
8.867300000000000000e+04
8.872900000000000000e+04
8.878700000000000000e+04
8.885500000000000000e+04
8.891200000000000000e+04
8.897600000000000000e+04
8.904000000000000000e+04
8.909300000000000000e+04
8.915900000000000000e+04
8.919800000000000000e+04
8.924200000000000000e+04
8.929500000000000000e+04
8.936700000000000000e+04
8.943300000000000000e+04
8.949200000000000000e+04
8.955700000000000000e+04
8.960600000000000000e+04
8.966100000000000000e+04
8.970200000000000000e+04
8.976100000000000000e+04
8.981700000000000000e+04
8.987700000000000000e+04
8.992300000000000000e+04
9.000500000000000000e+04
9.006800000000000000e+04
9.012900000000000000e+04
9.017400000000000000e+04
9.024200000000000000e+04
9.029200000000000000e+04
9.034600000000000000e+04
9.040200000000000000e+04
9.048100000000000000e+04
9.052600000000000000e+04
9.057700000000000000e+04
9.062800000000000000e+04
9.068500000000000000e+04
9.073800000000000000e+04
9.079200000000000000e+04
9.082700000000000000e+04
9.086800000000000000e+04
9.093000000000000000e+04
9.100000000000000000e+04
9.104500000000000000e+04
9.109600000000000000e+04
9.115200000000000000e+04
9.119500000000000000e+04
9.126300000000000000e+04
9.132000000000000000e+04
9.139100000000000000e+04
9.143800000000000000e+04
9.149400000000000000e+04
9.154700000000000000e+04
9.160800000000000000e+04
9.167700000000000000e+04
9.173300000000000000e+04
9.178300000000000000e+04
9.184700000000000000e+04
9.190700000000000000e+04
9.196400000000000000e+04
9.202000000000000000e+04
9.207800000000000000e+04
9.212900000000000000e+04
9.218000000000000000e+04
9.224300000000000000e+04
9.229400000000000000e+04
9.235200000000000000e+04
9.241600000000000000e+04
9.249200000000000000e+04
9.255300000000000000e+04
9.262100000000000000e+04
9.266500000000000000e+04
9.272600000000000000e+04
9.277100000000000000e+04
9.284100000000000000e+04
9.288600000000000000e+04
9.293900000000000000e+04
9.298800000000000000e+04
9.303400000000000000e+04
9.310900000000000000e+04
9.317700000000000000e+04
9.322500000000000000e+04
9.327400000000000000e+04
9.334000000000000000e+04
9.339300000000000000e+04
9.343600000000000000e+04
9.348700000000000000e+04
9.354400000000000000e+04
9.360100000000000000e+04
9.368400000000000000e+04
9.376200000000000000e+04
9.381000000000000000e+04
9.389500000000000000e+04
9.395000000000000000e+04
9.400400000000000000e+04
9.405600000000000000e+04
9.411400000000000000e+04
9.417400000000000000e+04
9.422300000000000000e+04
9.427800000000000000e+04
9.437900000000000000e+04
9.443000000000000000e+04
9.448500000000000000e+04
9.453500000000000000e+04
9.461600000000000000e+04
9.465800000000000000e+04
9.470200000000000000e+04
9.477300000000000000e+04
9.485200000000000000e+04
9.491000000000000000e+04
9.496600000000000000e+04
9.504900000000000000e+04
9.512100000000000000e+04
9.517900000000000000e+04
9.522700000000000000e+04
9.529000000000000000e+04
9.535900000000000000e+04
9.541700000000000000e+04
9.545900000000000000e+04
9.550500000000000000e+04
9.556000000000000000e+04
9.561200000000000000e+04
9.566500000000000000e+04
9.571000000000000000e+04
9.581100000000000000e+04
9.588200000000000000e+04
9.603200000000000000e+04
9.607800000000000000e+04
9.613400000000000000e+04
9.620300000000000000e+04
9.624600000000000000e+04
9.636800000000000000e+04
9.642500000000000000e+04
9.649200000000000000e+04
9.657500000000000000e+04
9.665000000000000000e+04
9.669700000000000000e+04
9.675400000000000000e+04
9.680300000000000000e+04
9.685100000000000000e+04
9.692500000000000000e+04
9.699600000000000000e+04
9.704400000000000000e+04
9.712500000000000000e+04
9.717500000000000000e+04
9.723500000000000000e+04
9.727900000000000000e+04
9.733300000000000000e+04
9.739600000000000000e+04
9.747400000000000000e+04
9.755800000000000000e+04
9.761000000000000000e+04
9.765900000000000000e+04
9.771700000000000000e+04
9.776200000000000000e+04
9.783200000000000000e+04
9.787500000000000000e+04
9.792800000000000000e+04
9.797800000000000000e+04
9.803200000000000000e+04
9.809000000000000000e+04
9.814400000000000000e+04
9.820700000000000000e+04
9.827100000000000000e+04
9.831900000000000000e+04
9.836500000000000000e+04
9.842500000000000000e+04
9.849100000000000000e+04
9.854300000000000000e+04
9.869300000000000000e+04
9.880500000000000000e+04
9.887800000000000000e+04
9.892600000000000000e+04
9.906100000000000000e+04
9.912200000000000000e+04
9.918000000000000000e+04
9.933000000000000000e+04
9.940700000000000000e+04
9.944400000000000000e+04
9.949000000000000000e+04
9.958500000000000000e+04
9.962000000000000000e+04
9.969300000000000000e+04
9.984300000000000000e+04
9.997700000000000000e+04
