1.754488323647113290e+01 1.776565732158189448e+01 2.058778189897573085e+01
3.143938121534895558e+01 1.565104290260451592e+01 1.541690221761226098e+01
3.892624714647853068e+01 3.037629676960499125e+01 2.309452535830391184e+01
3.786581223696274634e+01 4.153079583466568891e+01 3.494907784227670078e+01
1.673744594115940387e+01 3.319699119905070717e+01 2.640572616047295895e+01
1.735747211533497136e+01 2.293744489857974500e+01 3.392419781744823126e+01
3.875617270331628816e+01 3.861315199678941923e+01 3.952900750649855866e+01
1.309264017814550130e+01 8.401014506414943739e+00 3.970049544116874074e+01
1.225502377168569268e+01 6.728105587812002852e+00 3.992862985003717569e+01
6.695939048541556815e+01 4.419765286908949520e+01 2.412002726376400119e+01
5.640891991882264733e+01 7.738848465785730468e+01 5.474899013714995988e+01
4.555368424655710413e+01 4.891965208961524070e+01 5.556391506129701696e+01
