8.977268612403557668e+00 8.850633951261835719e+00 1.176863272438271224e+01
1.516450849647302412e+01 4.498572052487518569e+00 3.859606456901337967e+00
1.101732921042567348e+01 1.762360081414496449e+01 7.218616762469693526e+00
1.929815808228990903e+01 3.062557272669522490e+01 2.784138780560068227e+01
3.920060028260714091e+00 1.758156934288527040e+01 6.401243475336208633e+00
3.446310772179525195e+00 1.325839772337578282e+01 8.574196514439771377e+00
2.924617312169013061e+01 2.815689993419890769e+01 3.049253437637612407e+01
2.710335164190728285e+00 2.420777663518273393e+00 1.429914309365309322e+01
1.991786641341284803e+00 2.388707894588433245e+00 9.700299638744063202e+00
1.984387339037258613e+01 2.666428860742633855e+00 3.386166584741661545e+00
1.219337329423941974e+01 4.392735232792838218e+01 9.595435514443440894e+00
2.012003237954330714e+01 3.176031189549979317e+01 3.334771492695205097e+01
