1.944423952560436319e+01 2.022797181109397258e+01 2.110384265030579343e+01
3.391273630308737808e+01 1.397089807392577043e+01 1.369161909164629876e+01
2.860684633090609097e+01 3.414705603063688244e+01 2.109443076113350912e+01
3.945315481149828685e+01 4.334947698551201967e+01 3.652392720655804936e+01
1.357662563413091483e+01 3.202797884964027020e+01 2.269050603379627162e+01
1.653163624752869509e+01 2.259731297478725764e+01 2.452377200095830290e+01
4.011446219262173685e+01 4.007153909897530752e+01 4.213863635458975665e+01
1.309264017814550130e+01 7.100737638201425561e+00 4.092846442931581663e+01
1.225502377168569268e+01 4.540419626227436112e+00 4.296454066764021462e+01
6.291937038656115533e+01 3.880518114586445222e+01 2.161644323082113672e+01
5.752827747034435646e+01 7.599011227143731162e+01 5.556405253288463797e+01
4.125462429873770276e+01 4.732470050004087625e+01 5.914747323753582009e+01
