1.734722218136240102e+01 1.776281611364289859e+01 2.180661186553487596e+01
3.095574213238970174e+01 9.803067884948283961e+00 1.058114717683514883e+01
2.168429601788261252e+01 3.398634124199291762e+01 1.744983673075728703e+01
3.984575175469635866e+01 4.376660606759171657e+01 3.526851092635165941e+01
1.009216439400832144e+01 2.935406236711341066e+01 1.723967710455817226e+01
1.408469193727114543e+01 2.325423162637386909e+01 1.652574064978065138e+01
3.896393369035968135e+01 3.848447264526359390e+01 4.121204146222164866e+01
7.303620701285942651e+00 6.858486800860249311e+00 4.032128219814998005e+01
9.141364004564341172e+00 3.410841743538012061e+00 4.000950086446619736e+01
6.142261049787799010e+01 2.939291252750110672e+01 1.404649708193724855e+01
5.344067871783700951e+01 8.020558600502801028e+01 4.944182157824534585e+01
3.630454194395453271e+01 4.349704506061136300e+01 5.634319069771254362e+01
