1.749072460653994554e+01 1.774714881055839300e+01 2.142701833495403463e+01
3.098920673644000345e+01 1.539374761124635071e+01 1.515072354300489188e+01
3.838250627866759146e+01 3.025746213466943857e+01 2.259942073295808029e+01
3.781740083111563422e+01 4.137949401575237829e+01 3.492192169041268812e+01
1.673744594115940387e+01 3.304895406588627083e+01 2.616171986130996174e+01
1.735747211533497136e+01 2.293744489857974500e+01 3.403805171951987774e+01
3.861860135199466271e+01 3.851066205830341715e+01 4.078464165427271126e+01
1.309264017814550130e+01 8.401014506414943739e+00 3.969229503325063746e+01
1.225502377168569268e+01 6.728105587812002852e+00 3.999522698052197001e+01
6.739086604341852649e+01 4.419765286908949520e+01 2.345976661894640358e+01
5.638789942581578174e+01 7.549029949748307899e+01 5.412285670387154113e+01
4.555368424655710413e+01 4.891965208961524070e+01 5.747547488602648258e+01
