1.172402198048142097e+01 1.121596574877859176e+01 1.882893444652125226e+01
1.886881173556655966e+01 5.651300729199977724e+00 6.474055233484214966e+00
1.406875886020062794e+01 2.627289317792530454e+01 8.172739697252428215e+00
2.601838724625544685e+01 3.744419865810785808e+01 2.761033326609862826e+01
5.889964191387091041e+00 2.255060571912947509e+01 8.738392420300376884e+00
5.314469909225547184e+00 1.891903560616085400e+01 1.117155279590323502e+01
3.053585652995948152e+01 3.064326371673920590e+01 3.502466208939961234e+01
4.216413999102502252e+00 4.176295348739838431e+00 2.730927776078560854e+01
3.789494165293662675e+00 2.819670186724969163e+00 2.307713880770493731e+01
5.376183032565054987e+01 1.102372157406531983e+01 4.288722727664119994e+00
2.934171859648693825e+01 6.734218906731963727e+01 2.117291038353702959e+01
2.532452568140477922e+01 3.360160760620868103e+01 5.016197150916087111e+01
