1.816216544756338891e+01 1.849897290349514023e+01 2.511061343127707346e+01
3.266281387370858624e+01 1.225693424056702696e+01 1.075642853800864529e+01
2.462369341459327998e+01 3.607020918363751605e+01 1.900011297304832780e+01
4.145355045933125382e+01 4.288436467079289827e+01 3.578221500838769487e+01
1.155598781171652512e+01 2.862834270876646059e+01 2.038762319198076867e+01
1.501654492008722386e+01 2.503915876142106711e+01 1.824632640903494263e+01
4.077026597318049994e+01 4.044142428656567745e+01 4.216236721351979355e+01
9.935561024905293692e+00 7.100737638201425561e+00 4.148875679489484014e+01
1.020431810224165758e+01 3.410841743538012061e+00 4.106333942938708503e+01
6.283263170251395735e+01 3.325651667506729581e+01 1.672821358435573558e+01
5.706347148207120057e+01 7.616867083452284248e+01 5.597465819996682512e+01
3.890680201692856599e+01 4.547036894228074999e+01 6.159510404177530063e+01
