1.844892648601471308e+01 1.891408180680737061e+01 2.199683230995464811e+01
3.269558850865772115e+01 1.275337985742947211e+01 1.206574728475080072e+01
2.587967027140919996e+01 3.519112124417345910e+01 1.976413624045049033e+01
4.114181973888415911e+01 4.515973917756787870e+01 3.571467688763669912e+01
1.155598781171652512e+01 2.986917641496954090e+01 2.077240529396614832e+01
1.528524681611990310e+01 2.674108281654051211e+01 1.924337732880390917e+01
4.052065758585362687e+01 3.951687648389763297e+01 4.184948531518420367e+01
9.935561024905293692e+00 7.100737638201425561e+00 4.146906223599328456e+01
1.123772097642634904e+01 3.772020205812386173e+00 4.101604797568742100e+01
6.533148841056258505e+01 3.459798052970143090e+01 1.721868663919446263e+01
5.770746598022329721e+01 7.454710011570136885e+01 5.635452714727047407e+01
3.972239170369380190e+01 4.438737103044079646e+01 5.871568337927362791e+01
