1.133650427637549996e+01 1.099114006145513223e+01 1.590030581440454327e+01
1.721593602818937896e+01 5.447178611547861316e+00 6.474055233484214966e+00
1.363648190562667750e+01 2.344021875688975243e+01 8.172739697252428215e+00
2.514837688776819391e+01 3.552347767041209181e+01 2.745425727843819885e+01
5.665687940892961016e+00 2.282026320647239004e+01 8.738392420300376884e+00
5.314469909225547184e+00 1.705207628889909088e+01 1.060592662549293763e+01
3.031556182339397765e+01 3.068051458157391309e+01 3.459246227756378289e+01
4.216413999102502252e+00 3.687153531446808241e+00 2.611283034091537303e+01
3.789494165293662675e+00 2.388707894588433245e+00 2.151711704758038124e+01
5.165846929586268033e+01 7.827747544268895297e+00 4.288722727664119994e+00
2.818779561981930826e+01 7.177970495681650220e+01 2.052894804235652870e+01
2.491270733359931810e+01 3.360160760620868103e+01 4.956127393319013663e+01
