1.753332973050104826e+01 1.810866297444022521e+01 2.094983506247238836e+01
3.191598361902761027e+01 1.070526420795100542e+01 1.058114717683514883e+01
2.241471860569803098e+01 3.486495812488188051e+01 1.767454348969524247e+01
4.014596359977490891e+01 4.579689034976158268e+01 3.551775697363981976e+01
1.033698890187924135e+01 2.916413705322855066e+01 1.857724180212495568e+01
1.429717959134483785e+01 2.291962526364994090e+01 1.681737723686424957e+01
3.948241094739882584e+01 3.922022654359857086e+01 4.216269501442289425e+01
7.303620701285942651e+00 6.858486800860249311e+00 4.094324414856641425e+01
9.141364004564341172e+00 3.410841743538012061e+00 4.007306083028912980e+01
6.142239519266921377e+01 3.083691281988830823e+01 1.563933835247898685e+01
5.404982081302729569e+01 8.076658449409802643e+01 5.080263566387645113e+01
3.780276878196292500e+01 4.437943129950052423e+01 5.706204450183869881e+01
