5.323087768537866360e+00 5.508017025030261138e+00 7.244592048138622786e+00
8.977286986050589945e+00 3.491794074360758060e+00 2.639018000645509510e+00
6.494309822998090453e+00 1.310835180730854255e+01 4.367426744816625295e+00
1.210543192604223783e+01 2.304497156416384485e+01 1.435793395101896941e+01
2.264370508849357311e+00 9.870743694667373447e+00 5.495811751821272573e+00
2.082405699948599587e+00 7.967595864924525095e+00 5.816643702041890407e+00
2.186175793908317289e+01 2.159211105716213552e+01 2.749144366462152433e+01
2.523780258181703928e+00 2.137395958700705645e+00 9.244868618003289740e+00
1.991786641341284803e+00 2.388707894588433245e+00 5.411498054554630954e+00
1.215963610370068615e+01 2.089734210746415854e+00 2.177755204813934586e+00
8.641049843617951254e+00 3.496241637501442767e+01 7.437229543205100768e+00
1.411723564361833816e+01 2.617888798901449476e+01 2.042822741950912757e+01
