1.773856949251997861e+01 1.831394079938406350e+01 2.229497568131479923e+01
3.174177165136326551e+01 1.225693424056702696e+01 1.075642853800864529e+01
2.426801018405424415e+01 3.341352637334882303e+01 1.878971415843122372e+01
4.101951027653685600e+01 4.474373738814658452e+01 3.579495527764550644e+01
1.111715007896187402e+01 2.902184671171952246e+01 2.019385314832647538e+01
1.468758467775600707e+01 2.423930924803569198e+01 1.799720605148801056e+01
4.058529295826626537e+01 4.020346003709279614e+01 4.316000469180301025e+01
9.300891836459362239e+00 7.100737638201425561e+00 4.142938319534677305e+01
1.020431810224165758e+01 3.410841743538012061e+00 4.082173386191239928e+01
6.363046978190671155e+01 3.325651667506729581e+01 1.622247098916917452e+01
5.592875607595442489e+01 8.007898469774052330e+01 5.373611977275475482e+01
3.923007362629663675e+01 4.517277862126094590e+01 5.883670311005069209e+01
