6.090553073735857303e+00 6.080939808102118427e+00 6.087864234442325717e+00
2.142320586411513794e+00 2.010477305269550818e+00 1.723193311823646212e+00
1.622627038086655871e+00 3.759953311942563658e+00 1.400085709032812709e+00
2.991570494686198511e+00 9.554952236101204477e+00 4.524313110590092002e+00
1.476275422651799563e+00 3.003712592283486416e+00 1.835391724248744527e+00
1.706646427832620772e+00 4.183472142602906452e+00 1.911645072819091240e+00
1.165235531394205104e+01 9.819477750535877902e+00 1.209642343844930146e+01
2.523780258181703928e+00 1.970253840693001246e+00 6.231411075696371427e+00
1.991786641341284803e+00 2.035099444430729765e+00 4.001550048540847726e+00
3.239381745503051580e+00 1.410046281964938863e+00 1.705330387847047380e+00
1.625231670186183086e+00 8.317753583762485192e+00 1.280776337419978317e+00
2.728874775845586687e+00 8.536697661519118796e+00 2.563186609851385800e+00
