1.417906802457145510e+01 1.376078946583347928e+01 1.872448779125319263e+01
2.969991525615699146e+01 6.868597137987820567e+00 7.901196159665315299e+00
1.651567782331334300e+01 3.014692858404169584e+01 1.167533117584575209e+01
3.165028113807070298e+01 4.120676572377770697e+01 3.082756884057733870e+01
6.143322603659011172e+00 2.937390558364424820e+01 1.063689675553551872e+01
8.128349377380329699e+00 2.152059015175585088e+01 1.294044461684193159e+01
3.551794560716272997e+01 3.492117615763287120e+01 3.941319273750158203e+01
4.767511909326808350e+00 4.714270740118504222e+00 3.667877168462843684e+01
4.912805399588299871e+00 3.410841743538012061e+00 3.384418158757384276e+01
6.179423683454260185e+01 1.676376063049474396e+01 7.864865932954135275e+00
3.950815361759693900e+01 7.105491674463483776e+01 3.379994757272019257e+01
2.922138738987880657e+01 3.844449876269140276e+01 5.508087436356628785e+01
