1.601304809917209937e+01 1.684922058433377501e+01 2.082696090230230723e+01
3.007035420344019627e+01 8.832659709694176797e+00 9.567037668290877761e+00
1.928698098960592233e+01 3.295225796358341341e+01 1.599162596725816599e+01
3.606361701877206372e+01 4.483836014470448816e+01 3.279055847009365721e+01
8.291255123998430676e+00 2.830830705266861003e+01 1.299309428058650262e+01
1.160913849330528969e+01 2.210702954329994085e+01 1.583546904870763328e+01
3.853495357891066675e+01 3.777511585747409839e+01 4.238040103547569259e+01
6.638540630641438511e+00 5.415345638478491708e+00 4.012424992223895970e+01
6.067773982608970051e+00 3.410841743538012061e+00 3.854163157409161045e+01
6.438009588388962356e+01 2.734951875943466959e+01 1.186810938699190743e+01
4.888614130417393255e+01 7.922009755505997930e+01 4.609755024635711607e+01
3.424831852026981238e+01 4.122574234631969858e+01 6.233560292126217917e+01
