1.594621092041350074e+01 1.662877790277047652e+01 2.362971890979285661e+01
2.979442238023147738e+01 8.832659709694176797e+00 8.832805354254553265e+00
1.847472171809793196e+01 3.402899627888517387e+01 1.522256254018928701e+01
3.543027998956680591e+01 4.460201268914462958e+01 3.260043698164356130e+01
8.024061628380366074e+00 2.683527431666392715e+01 1.299309428058650262e+01
1.127092506594696708e+01 2.327977653100900923e+01 1.508346583187931067e+01
3.821381639661456830e+01 3.762774308507071908e+01 4.164479510386306060e+01
6.638540630641438511e+00 5.415345638478491708e+00 3.974584960186635385e+01
6.067773982608970051e+00 3.410841743538012061e+00 3.804208484621831587e+01
6.404709965802831562e+01 2.734951875943466959e+01 1.017886637337831424e+01
4.793610498009547882e+01 7.606749378464944300e+01 4.621639852473595766e+01
3.265537125725981582e+01 4.038386867449232653e+01 6.129001302370075166e+01
