1.762077374309341238e+01 1.781636709306936339e+01 2.160541815603243521e+01
3.220668182037159966e+01 1.572018246165020550e+01 1.541690221761226098e+01
3.652526835760578194e+01 3.041583363476849655e+01 2.321460976257639786e+01
3.747342644862958849e+01 4.235051304214866263e+01 3.454236024023279583e+01
1.781659365710513043e+01 3.283406335454949954e+01 2.688719737813309862e+01
1.737950713839722994e+01 2.293744489857974500e+01 3.321317277278973279e+01
3.806536972945636421e+01 3.792924753330570553e+01 3.945017015819239958e+01
1.309264017814550130e+01 9.030136760984357025e+00 3.926778908995466821e+01
1.225502377168569268e+01 6.728105587812002852e+00 3.983418346818065459e+01
6.639138531932019305e+01 4.458130887916764351e+01 2.412002726376400119e+01
5.602983014448932408e+01 7.904483205044058991e+01 5.454745492616132907e+01
4.585853879201209082e+01 4.891965208961524070e+01 6.282107481024512907e+01
