1.362397469432691466e+01 1.356264746289258660e+01 1.900166793636141094e+01
2.898080489628854295e+01 6.868597137987820567e+00 7.901196159665315299e+00
1.557013947082952043e+01 3.198398421235453171e+01 1.039284833255442564e+01
3.128281517079067342e+01 4.415097419144583313e+01 3.048874797405912318e+01
6.143322603659011172e+00 2.778217416233177417e+01 1.063689675553551872e+01
7.911221729130939018e+00 1.974971577467300676e+01 1.294044461684193159e+01
3.536750179108453551e+01 3.494155521515229168e+01 3.924363277480166801e+01
4.767511909326808350e+00 4.714270740118504222e+00 3.633519702205684609e+01
3.789494165293662675e+00 3.410841743538012061e+00 3.314560364702294493e+01
6.346156513399095900e+01 1.676376063049474396e+01 6.767615952291995640e+00
3.861495194306131395e+01 7.274620893295482915e+01 3.119034996634050216e+01
2.898943755813233025e+01 3.742558240308868278e+01 5.604668175215579140e+01
