1.601304809917209937e+01 1.679934382252689318e+01 2.056393314646657444e+01
2.866589378842942892e+01 8.832659709694176797e+00 9.567037668290877761e+00
1.928698098960592233e+01 3.202160507299229408e+01 1.568162865694869801e+01
3.543027998956680591e+01 4.112166989471097622e+01 3.246100665742385161e+01
8.291255123998430676e+00 2.751263534461847726e+01 1.299309428058650262e+01
1.127092506594696708e+01 2.404969050568778854e+01 1.508346583187931067e+01
3.830270153558183210e+01 3.771201279038482568e+01 4.083142096176622005e+01
6.638540630641438511e+00 5.415345638478491708e+00 3.999652322890925404e+01
6.067773982608970051e+00 3.410841743538012061e+00 3.843065734616893536e+01
6.385651153535095403e+01 2.734951875943466959e+01 1.186810938699190743e+01
4.825256876095085090e+01 7.450625263534898579e+01 4.560811457023820736e+01
3.358344479970373442e+01 4.077036960123606946e+01 6.640230055801909259e+01
