7.808974984408949993e+00 6.771235299326440860e+00 1.050028106851166676e+01
1.075792472321038318e+01 3.769794562044236130e+00 3.037614469090364366e+00
8.113397079007443224e+00 1.450103832715590180e+01 4.663395716813260705e+00
1.315606810543585503e+01 2.622735187223511488e+01 1.920674151704190180e+01
2.729232926543656568e+00 1.097702948729820704e+01 5.891521931666828138e+00
2.664668148439792716e+00 9.499881471649793241e+00 6.373103966459450653e+00
2.285819014949037609e+01 2.321004657302458085e+01 2.746635077714977058e+01
2.523780258181703928e+00 2.137395958700705645e+00 1.065235857405416375e+01
1.991786641341284803e+00 2.388707894588433245e+00 5.575674630300444967e+00
1.358681073405785966e+01 2.089734210746415854e+00 2.177755204813934586e+00
9.604080669871704501e+00 3.796551535289419377e+01 7.501020976817505570e+00
1.627771413239854681e+01 2.604906486803744414e+01 2.374467682846587024e+01
