1.827630053021148981e+01 1.876230073080258620e+01 2.423103324236236134e+01
3.276539611752019709e+01 1.257177479202167270e+01 1.149886429916831965e+01
2.494400629175893513e+01 3.447641911437374773e+01 1.976413624045049033e+01
4.114576525919624572e+01 4.345336087680814074e+01 3.588567189002978353e+01
1.155598781171652512e+01 2.826847541220346471e+01 2.077240529396614832e+01
1.516958168625534320e+01 2.646915133192441871e+01 1.838759293054674515e+01
4.089200572882317175e+01 3.959927535199860671e+01 4.139511654826360143e+01
9.935561024905293692e+00 7.100737638201425561e+00 4.164358795003646208e+01
1.123772097642634904e+01 3.772020205812386173e+00 4.096074906265649673e+01
6.374501597704627898e+01 3.383555518587857591e+01 1.721868663919446263e+01
5.772664273201200302e+01 7.041575074626658193e+01 5.597303083519638989e+01
3.934586647712092855e+01 4.438737103044079646e+01 5.857109688441237694e+01
