4.839559874302460152e+00 4.939509111436387379e+00 7.811313215254486408e+00
7.225208813129841090e+00 3.226422250102647826e+00 2.396023330891426717e+00
5.236563831940232561e+00 1.109910473700404943e+01 3.717073766273907953e+00
1.086477970220939326e+01 2.251234417340292282e+01 1.122988239727895454e+01
2.080221547869511411e+00 8.067773175316535372e+00 3.441198004564904878e+00
2.082405699948599587e+00 6.813148323811354601e+00 3.962019883979712276e+00
1.970827552601328847e+01 1.873160554948261591e+01 2.439392322776846811e+01
2.523780258181703928e+00 2.137395958700705645e+00 8.859953224437642660e+00
1.991786641341284803e+00 2.388707894588433245e+00 5.023799040896951951e+00
9.460092705137833846e+00 2.089734210746415854e+00 2.034172379033458711e+00
7.720018015038495385e+00 3.082937128712080366e+01 6.481368796691398870e+00
1.161063927932240070e+01 2.255453131313232973e+01 1.702662311754123436e+01
