1.262608171285945602e+01 1.221411093119204239e+01 1.821568459748872471e+01
2.300834583048612458e+01 5.887037268754318653e+00 6.702035211875019272e+00
1.447698769373480943e+01 2.651325903879206791e+01 8.684132319291352431e+00
2.789480323205485846e+01 3.887595812051574029e+01 2.810642581513447524e+01
5.889964191387091041e+00 2.513473892819610001e+01 8.966563212345768363e+00
5.515709920174410641e+00 2.195740417049977822e+01 1.138185008450076197e+01
3.238707914016769962e+01 3.108689760623619947e+01 3.647950545409297263e+01
4.216413999102502252e+00 4.714270740118504222e+00 3.025525191201334962e+01
3.789494165293662675e+00 2.819670186724969163e+00 2.650393493945919587e+01
5.725818294475482872e+01 1.102372157406531983e+01 4.746572039743637283e+00
3.203717425617629289e+01 6.885953893219362953e+01 2.497984318207166154e+01
2.554272427052233141e+01 3.390587198097008326e+01 5.488787912456206186e+01
