1.534400475942465647e+01 1.536239788398199480e+01 2.017549160591905277e+01
2.880842812644215556e+01 7.283310611503440057e+00 8.282662785067577360e+00
1.846270100364575484e+01 3.261547250332112924e+01 1.346738391261481205e+01
3.415521467399146616e+01 4.227470205641311196e+01 3.238143334857278433e+01
7.472043970699643545e+00 2.851572163316203756e+01 1.232614626216074782e+01
1.058907414582846229e+01 2.415809139940891725e+01 1.467757269995142977e+01
3.783809347592633543e+01 3.636348460053947917e+01 4.039764914400957707e+01
6.638540630641438511e+00 4.714270740118504222e+00 3.950299379833679581e+01
4.912805399588299871e+00 3.410841743538012061e+00 3.756881132360344111e+01
6.371344555394645681e+01 2.466884418654414191e+01 9.584776326586574413e+00
4.197291493551986008e+01 7.820151405172471470e+01 4.070816118002338158e+01
3.117088741396775475e+01 3.955915843285239930e+01 5.995087383981061180e+01
