1.487918226788566045e+01 1.473940545564697580e+01 2.079672971716372487e+01
2.962632414278784765e+01 6.868597137987820567e+00 8.282662785067577360e+00
1.824111743026768906e+01 3.194557322257589860e+01 1.227694862318718094e+01
3.357779690832956021e+01 4.241085205724986906e+01 3.180897685523621021e+01
6.817592570144229924e+00 2.951645940877468632e+01 1.173447508106070458e+01
9.141710533341212752e+00 2.310945566672354090e+01 1.371147439061689077e+01
3.663230978246332370e+01 3.582691867995428936e+01 4.054113072207338320e+01
6.018690694495010263e+00 4.714270740118504222e+00 3.821370612149297585e+01
4.912805399588299871e+00 3.410841743538012061e+00 3.628737295869115087e+01
6.215235588576899772e+01 2.182584478568054109e+01 9.028920790789175754e+00
4.046147014351377891e+01 7.315049414162773189e+01 3.792166558578372104e+01
3.096541015366466709e+01 3.968380495876230185e+01 5.802976277690593321e+01
