9.889219861488799168e+00 9.909836873097914278e+00 1.430057184641595924e+01
1.629290758301887010e+01 5.067201983991045822e+00 4.645254583571841955e+00
1.153843834651408073e+01 1.904487450264249659e+01 7.749989752163033430e+00
2.147560879096428721e+01 3.119296542834002040e+01 2.685110041366352007e+01
4.690809685652456373e+00 1.996206562225557590e+01 6.832601259860059173e+00
4.293992440487101270e+00 1.469640885617478077e+01 9.032802350164262251e+00
2.936735467806484934e+01 2.934731271400753982e+01 3.087140412201459938e+01
3.855934703301490352e+00 3.052887507513408316e+00 1.944317445875926254e+01
3.099321918443968205e+00 2.388707894588433245e+00 1.352886962418750016e+01
3.275706915694137678e+01 4.572470567451759393e+00 4.288722727664119994e+00
1.726844391247344390e+01 5.826916239206179426e+01 1.368198194556876679e+01
2.210615173495609298e+01 3.243653052853993302e+01 4.171808271668760426e+01
