1.122195619015449353e+01 1.095139950704148291e+01 1.423045734254442962e+01
1.925975637839604104e+01 5.208672874636594230e+00 5.841768739238640151e+00
1.240928764876669099e+01 2.341187858257239185e+01 7.951198895010099577e+00
2.449017938827181951e+01 3.498716830422144142e+01 2.761304018087322731e+01
5.443197274325878077e+00 2.155727446020042137e+01 8.257720740290567463e+00
5.109476138831096748e+00 1.826402386027433167e+01 1.000560553912422890e+01
3.016204236896174251e+01 3.032237419802560652e+01 3.375971518944095351e+01
4.216413999102502252e+00 3.052887507513408316e+00 2.562039495274122913e+01
3.789494165293662675e+00 2.388707894588433245e+00 2.048779791112436044e+01
4.757710215349369065e+01 7.827747544268895297e+00 4.288722727664119994e+00
2.735421270145731043e+01 6.528958121192974318e+01 2.015023739156166727e+01
2.514618845108578071e+01 3.330701060007179848e+01 4.969265649208625746e+01
