1.740435425790375135e+01 1.755421528362383299e+01 2.240851549176022317e+01
3.026308061408197148e+01 1.539374761124635071e+01 1.515072354300489188e+01
3.760682350486476366e+01 3.025746213466943857e+01 2.230657303845069706e+01
3.829533492410396889e+01 4.455703751527514811e+01 3.458327072806059022e+01
1.644836942581319761e+01 3.304325468446628378e+01 2.520179559984790529e+01
1.708561454972020144e+01 2.278054523293275935e+01 3.371517129487094167e+01
3.801686100725599005e+01 3.804653080454714598e+01 4.233205461175950290e+01
1.309264017814550130e+01 7.761703679576332782e+00 3.951277422963589459e+01
1.225502377168569268e+01 6.728105587812002852e+00 4.022350743798491379e+01
6.551594881940721393e+01 4.379752366705574218e+01 2.312103182016681657e+01
5.607714615683348569e+01 7.666204070995530628e+01 5.336552455733692568e+01
4.537890735523711783e+01 4.869970141069944702e+01 5.868140231976322241e+01
