1.817101759367011482e+01 1.819160543988603962e+01 1.816959192929997613e+01
3.350578334231779110e+01 1.397089807392577043e+01 1.369161909164629876e+01
2.867175969365555943e+01 3.293266492585271266e+01 2.152127533955151151e+01
3.892014736148366438e+01 4.225848757314047077e+01 3.652392720655804936e+01
1.376524297537618580e+01 3.193093641420031403e+01 2.283800631265052772e+01
1.653163624752869509e+01 2.259731297478725764e+01 2.661814429897614076e+01
4.021266919852807575e+01 4.056190240911818279e+01 4.138728428775778667e+01
1.309264017814550130e+01 7.100737638201425561e+00 4.090423040857038472e+01
1.225502377168569268e+01 4.540419626227436112e+00 4.288444177232268117e+01
6.522204233940469464e+01 3.979266421212297900e+01 2.161644323082113672e+01
5.780690278051973507e+01 7.376959976554626053e+01 5.599968366007537668e+01
4.228486841494948578e+01 4.824208953419920221e+01 6.102153808563382142e+01
