6.843342490046095961e+00 7.107724260945904149e+00 9.173618531328134651e+00
1.740209007606244418e+00 1.532336618804488237e+00 1.235226830781964047e+00
1.602250941830339004e+00 2.597004902505808399e+00 1.337358444721314488e+00
2.297800597088163421e+00 6.372361067024255199e+00 1.432816055427917012e+00
1.432520625970933326e+00 2.167671562278688846e+00 1.330000599526394378e+00
1.314623929409315162e+00 3.395420832516280907e+00 1.313571994431819379e+00
1.093554347349535760e+01 8.159983506031307954e+00 1.055832733540753132e+01
2.293797769816201093e+00 1.617594466566149469e+00 4.896478028882510714e+00
1.738678157891359266e+00 1.799302791037908245e+00 3.176224883199793680e+00
2.904720764094526508e+00 1.410046281964938863e+00 1.515820546864982576e+00
1.625231670186183086e+00 8.275561530884379735e+00 1.090773412771988360e+00
1.803749339848019773e+00 6.671592269477931936e+00 2.322462685777970659e+00
