1.451274923973296893e+01 1.382394510266868437e+01 2.003765854305683902e+01
2.979385336215618452e+01 6.868597137987820567e+00 8.282662785067577360e+00
1.740265979592760459e+01 3.023372015075253927e+01 1.198096386764965260e+01
3.177297609802385736e+01 4.081714561212475445e+01 3.075157410690565385e+01
6.143322603659011172e+00 2.980447262928720775e+01 1.063689675553551872e+01
8.128349377380329699e+00 2.148738328798102160e+01 1.321302516237370206e+01
3.630747752952506602e+01 3.527882706276560043e+01 3.972463538185731124e+01
6.018690694495010263e+00 4.714270740118504222e+00 3.724993620526147708e+01
4.912805399588299871e+00 3.410841743538012061e+00 3.466493208563503714e+01
6.223272174953624614e+01 1.850531174934270240e+01 7.864865932954135275e+00
3.950815361759693900e+01 6.754423159631137707e+01 3.504691327849291582e+01
2.991273552771344058e+01 3.909274779492408669e+01 5.471179320958834325e+01
