1.725620248325144601e+01 1.735774870958747584e+01 1.998917073354920149e+01
2.967160064782976647e+01 1.539374761124635071e+01 1.515072354300489188e+01
3.602002504082365419e+01 3.032475161349058013e+01 2.220508925068365613e+01
3.822058677093489365e+01 4.089762855201025360e+01 3.449833638823581339e+01
1.560298379825411530e+01 3.325786876198178277e+01 2.461081156273180071e+01
1.708561454972020144e+01 2.285434716551166545e+01 3.293742115855378927e+01
3.765452941911572537e+01 3.756668003415332180e+01 4.062282819666808109e+01
1.309264017814550130e+01 7.761703679576332782e+00 3.907692790848838627e+01
1.225502377168569268e+01 6.041578525084825735e+00 4.040610324031764122e+01
6.442367530066546522e+01 4.379752366705574218e+01 2.243751780728503675e+01
5.684257661094603975e+01 7.361177961530130176e+01 5.339350551616387719e+01
4.417507727733750755e+01 4.857386839638702014e+01 6.232465940465741028e+01
