1.855310355888354934e+01 1.926490880429752650e+01 2.412301503943275804e+01
3.145970493621189235e+01 1.295347648660311535e+01 1.241929906748118562e+01
2.616563789208824886e+01 3.296349428389552827e+01 2.043025091405919724e+01
4.060533161934315416e+01 4.280555651164564779e+01 3.550870068717250660e+01
1.201245551993693006e+01 2.997707410880099133e+01 2.111598653095177625e+01
1.528524681611990310e+01 2.476222507580726884e+01 2.128056569771006323e+01
3.991766154494279562e+01 3.956486297556462262e+01 4.082461801522793365e+01
9.935561024905293692e+00 7.100737638201425561e+00 4.117329891168955669e+01
1.123772097642634904e+01 3.772020205812386173e+00 4.104732765647349879e+01
6.309343395111226727e+01 3.560719733616131322e+01 1.766469520088875100e+01
5.785125122804341657e+01 7.254258264284966629e+01 5.903596889741506004e+01
3.972239170369380190e+01 4.524539174643287964e+01 6.085510136352182542e+01
