4.055680959259339247e+00 4.134683451895027062e+00 6.685313961135546101e+00
5.392605344224340236e+00 2.658558204865673513e+00 2.094724969981105467e+00
4.320647374086222570e+00 8.365876231462896939e+00 2.230391981508424770e+00
8.892387602957853687e+00 2.160181785207731409e+01 1.137626420432134466e+01
1.838393353684253828e+00 5.677075554865679941e+00 2.906609491354576136e+00
2.082405699948599587e+00 5.872827614095221804e+00 3.442287910729082689e+00
1.660961772364314015e+01 1.609917171523276025e+01 1.923966996409605557e+01
2.523780258181703928e+00 2.137395958700705645e+00 8.591720776719267150e+00
1.991786641341284803e+00 2.196451527325879116e+00 4.684308876205454553e+00
7.496557909586171853e+00 1.876602944364977876e+00 2.034172379033458711e+00
5.300682456674651100e+00 2.293741389379865581e+01 5.140870390356438335e+00
9.489763913138135720e+00 1.887262760432957975e+01 1.332916295872410295e+01
