1.487918226788566045e+01 1.404641951839241720e+01 2.162927608509867383e+01
2.933818946944012396e+01 6.868597137987820567e+00 8.282662785067577360e+00
1.740265979592760459e+01 3.150458384110728360e+01 1.198096386764965260e+01
3.318844553440592193e+01 4.182243042750037176e+01 3.155378051309708809e+01
6.143322603659011172e+00 2.913294066528916559e+01 1.063689675553551872e+01
8.933071129638634034e+00 2.245041827669343348e+01 1.371147439061689077e+01
3.656365232284794331e+01 3.550222466598249582e+01 3.936538353169699178e+01
6.018690694495010263e+00 4.714270740118504222e+00 3.798558706201205126e+01
4.912805399588299871e+00 3.410841743538012061e+00 3.606973710031227398e+01
6.240923412411294890e+01 2.182584478568054109e+01 8.431115096252732144e+00
4.053991344276427355e+01 7.048957258291264338e+01 3.745756682815957106e+01
3.077670125398727663e+01 3.940281774653904989e+01 5.579494856202039443e+01
