1.277192113769406667e+01 1.243735481136928200e+01 1.741595677523449837e+01
2.381184389392448608e+01 5.887037268754318653e+00 6.996294757549692100e+00
1.489768249059145688e+01 2.911670935286413098e+01 8.943612251229742682e+00
2.845892275727532450e+01 3.850193300881606717e+01 2.809789833192088082e+01
5.889964191387091041e+00 2.521405509399029299e+01 8.966563212345768363e+00
6.074961809328478068e+00 2.126108127315388430e+01 1.206936654088271865e+01
3.281873433271984197e+01 3.122761028055621324e+01 3.781472399624561831e+01
4.216413999102502252e+00 4.714270740118504222e+00 3.064498400059285643e+01
3.789494165293662675e+00 2.819670186724969163e+00 2.816146473746905343e+01
6.035530639643121731e+01 1.202777381078390917e+01 4.746572039743637283e+00
3.364580410355694795e+01 7.233490037305683984e+01 2.696389126095253985e+01
2.578935308013739558e+01 3.390587198097008326e+01 5.493548515663252374e+01
