1.712687746517208254e+01 1.733993168095537030e+01 2.118187854725975328e+01
3.112364148283502630e+01 1.527621326998697704e+01 1.515072354300489188e+01
2.943837382101841982e+01 3.157151687960985242e+01 2.220642943471346342e+01
3.731345105301657838e+01 4.075629352873109212e+01 3.530745272491215303e+01
1.494606703314190632e+01 3.346179646737866165e+01 2.369698424704253981e+01
1.657341296279198772e+01 2.285434716551166545e+01 3.278991395092755567e+01
3.770513545791962429e+01 3.755051338493214530e+01 4.057146048650211867e+01
1.309264017814550130e+01 7.761703679576332782e+00 3.896233882628922629e+01
1.225502377168569268e+01 5.336308760377851179e+00 4.131031667311529532e+01
6.321008820362076364e+01 4.379752366705574218e+01 2.243751780728503675e+01
5.632706229744405135e+01 8.001660861278332959e+01 5.353178985149476432e+01
4.397591892427694660e+01 4.875627386383320072e+01 5.809577980204259262e+01
