1.744966462099784366e+01 1.763720357331540711e+01 2.175976008035503995e+01
3.075085307922037359e+01 1.539374761124635071e+01 1.515072354300489188e+01
3.871038232649114263e+01 3.025746213466943857e+01 2.230657303845069706e+01
3.781740083111563422e+01 4.394766975941626441e+01 3.471922501092000601e+01
1.673744594115940387e+01 3.248093200910998490e+01 2.574483600464194311e+01
1.708561454972020144e+01 2.293744489857974500e+01 3.400895362238480146e+01
3.849051424927231579e+01 3.860116408988112369e+01 4.285770344321665704e+01
1.309264017814550130e+01 8.401014506414943739e+00 3.997943583153058711e+01
1.225502377168569268e+01 6.728105587812002852e+00 4.021599998753051608e+01
6.609957929357612727e+01 4.379752366705574218e+01 2.312103182016681657e+01
5.633284801427610944e+01 7.110905155115041509e+01 5.349925159666858576e+01
4.563651281529232762e+01 4.869970141069944702e+01 6.072761317197733888e+01
