1.348686177817213405e+01 1.338755314409885955e+01 1.890299019983160989e+01
2.821229549567495454e+01 6.868597137987820567e+00 7.702015980441932363e+00
1.509368991156382656e+01 3.144461255310569925e+01 1.039284833255442564e+01
3.052268318593705843e+01 4.052394443314223338e+01 2.976038461273400060e+01
6.143322603659011172e+00 2.742219106872097711e+01 1.010541093764037157e+01
7.685507013979805180e+00 2.183461898448919314e+01 1.268188166916245407e+01
3.477138738778315030e+01 3.397892278892511086e+01 4.078760970803877939e+01
4.767511909326808350e+00 4.714270740118504222e+00 3.564190918964754218e+01
3.789494165293662675e+00 3.410841743538012061e+00 3.224699132963695547e+01
6.106178120414148225e+01 1.676376063049474396e+01 6.767615952291995640e+00
3.839923838515447585e+01 6.977298521110878937e+01 3.119034996634050216e+01
2.792776867119016160e+01 3.707018560497927950e+01 5.751013249346295453e+01
