1.259956803965490035e+00 1.061938082586206811e+00 2.757393270833372156e+00
1.071562164938965278e+00 9.921875346853954447e-01 1.002288600098563132e+00
9.966867682583477883e-01 1.503374142285973880e+00 1.044787882670786816e+00
1.375704521229212496e+00 1.879163731264177573e+00 1.134571522353913675e+00
9.921742665416339868e-01 1.000806395920913028e+00 1.014564377802151807e+00
1.000279603717890264e+00 1.270045957151036298e+00 1.025308872763180501e+00
6.772687362851549153e+00 4.115692285485140545e+00 2.562702866214358277e+00
1.066771430709744228e+00 1.082763744744525081e+00 1.536413392873170025e+00
1.170929612543054832e+00 1.169366002865388277e+00 1.203021763387173371e+00
1.292050428203738388e+00 1.000000000000000000e+00 1.000000000000000000e+00
1.166098214270911981e+00 1.164541829168050047e+00 1.000000000000000000e+00
1.153207812596091841e+00 1.279353896732368545e+00 1.000000000000000000e+00
