1.844892648601471308e+01 1.918536886280125842e+01 2.288385876646135131e+01
3.264760166241214989e+01 1.275337985742947211e+01 1.206574728475080072e+01
2.616563789208824886e+01 3.346454632704828214e+01 2.020555973237430791e+01
4.087644210160802771e+01 4.392605030243764475e+01 3.562605996073828862e+01
1.179257744689963872e+01 2.906472816539328363e+01 2.077240529396614832e+01
1.528524681611990310e+01 2.590372618637895030e+01 2.110127986006748912e+01
4.056960623668654620e+01 3.955591761971790277e+01 4.092006350861780817e+01
9.935561024905293692e+00 7.100737638201425561e+00 4.147752032496917707e+01
1.123772097642634904e+01 3.772020205812386173e+00 4.102215099572430290e+01
6.218209049819170531e+01 3.459798052970143090e+01 1.721868663919446263e+01
5.779288990222166689e+01 7.573818556283680437e+01 5.903596889741506004e+01
3.972239170369380190e+01 4.524539174643287964e+01 6.109789801066538928e+01
