1.642383848179094485e+01 1.725794638940244496e+01 2.091317735064018279e+01
3.066152405998563424e+01 9.222859364130307824e+00 9.941534015810743696e+00
2.121343785191040610e+01 3.206732742461324648e+01 1.703643093936269892e+01
3.939023302693296813e+01 4.317581174578165815e+01 3.488519186842921016e+01
9.537268721661792625e+00 2.922104752342742273e+01 1.676921357149503677e+01
1.335218586908058214e+01 2.305459215338806445e+01 1.604112145354039498e+01
3.851375018240722170e+01 3.812555228866719403e+01 3.906355159838722102e+01
7.303620701285942651e+00 6.858486800860249311e+00 4.014386284413279071e+01
8.089550365070033777e+00 3.410841743538012061e+00 3.969787587841366872e+01
6.438077026962659488e+01 2.875407507912875005e+01 1.404649708193724855e+01
5.162048448140795642e+01 7.876652651916890591e+01 4.945624566020863710e+01
3.475295738535536572e+01 4.284492678029573653e+01 6.003583873593487397e+01
