1.681985888644871707e+01 1.705614365623988604e+01 2.010176840859761427e+01
3.081797536270391191e+01 1.500831085588471225e+01 1.515072354300489188e+01
2.906506738387600208e+01 3.200178842097191989e+01 2.191700644496065919e+01
3.785891431747978686e+01 3.912842437091878622e+01 3.586035975256582731e+01
1.465601096644644841e+01 3.300095253417897823e+01 2.359882377782090401e+01
1.657341296279198772e+01 2.271644909937156598e+01 3.193265153701156578e+01
3.752245893136299770e+01 3.777744326713163048e+01 3.812337442282125011e+01
1.309264017814550130e+01 7.761703679576332782e+00 3.957758389669000110e+01
1.225502377168569268e+01 5.336308760377851179e+00 4.171509618290109245e+01
6.274760218855136884e+01 4.283641872492496105e+01 2.243751780728503675e+01
5.835441628039608020e+01 7.284731035149349054e+01 5.378709590113348327e+01
4.373387739941095020e+01 4.850435368083095256e+01 5.804475833855504163e+01
