1.633349678585623366e+01 1.719114366493066726e+01 1.997267652298119245e+01
3.150531572024958038e+01 8.832659709694176797e+00 9.941534015810743696e+00
2.058835892964445691e+01 3.477906299627681364e+01 1.646300426917213500e+01
3.724669456399437451e+01 4.399733778639902937e+01 3.422408065999314175e+01
8.871429182146323811e+00 2.778530871117013490e+01 1.585301878705889678e+01
1.296059459210011511e+01 2.280912158221667951e+01 1.583546904870763328e+01
3.915777609317459707e+01 3.812059855612948667e+01 4.279981667007388069e+01
6.638540630641438511e+00 6.858486800860249311e+00 4.087894672202818214e+01
6.067773982608970051e+00 3.410841743538012061e+00 3.936641088229435326e+01
6.486436648743239175e+01 2.805059013050187389e+01 1.404649708193724855e+01
5.066501292539092560e+01 7.841253980941880286e+01 4.802739657489499336e+01
3.475295738535536572e+01 4.228259798128848956e+01 6.049557496641295984e+01
