1.641213795389030849e+01 1.639980229158452474e+01 2.116257908662950626e+01
3.282656977709876145e+01 1.431264520723272149e+01 1.369161909164629876e+01
2.883722541281023766e+01 3.372740200843032454e+01 2.157148267246554596e+01
3.869351593424470082e+01 4.192510246825840170e+01 3.594750977593914598e+01
1.408138415127329779e+01 3.191769373833309231e+01 2.299199728593223213e+01
1.653163624752869509e+01 2.259731297478725764e+01 2.940153766750072251e+01
3.914518015656353356e+01 3.937190879709115876e+01 4.014729368356779560e+01
1.309264017814550130e+01 7.100737638201425561e+00 4.014861286004391872e+01
1.225502377168569268e+01 5.336308760377851179e+00 4.224403700941930140e+01
6.544415273486977469e+01 4.242228004468299929e+01 2.206813776439801345e+01
5.830537958960372436e+01 7.206885220361779432e+01 5.517875668680342471e+01
4.290975696702477649e+01 4.850433583461717291e+01 5.945109982716842723e+01
