1.571840192478091325e+01 1.586616838126039220e+01 2.173758971315850275e+01
2.770036740522126095e+01 8.273998152110353388e+00 8.832805354254553265e+00
1.846270100364575484e+01 3.072902901095226369e+01 1.429146982831634993e+01
3.419960738748658002e+01 4.323621977838893571e+01 3.234075444885111494e+01
7.472043970699643545e+00 2.860370631939839825e+01 1.232614626216074782e+01
1.058907414582846229e+01 2.364204935431158461e+01 1.467757269995142977e+01
3.795448620858539357e+01 3.660339094266692683e+01 4.021974934214162545e+01
6.638540630641438511e+00 4.714270740118504222e+00 3.950182112257311928e+01
6.067773982608970051e+00 3.410841743538012061e+00 3.756881132360344111e+01
6.150107332340389377e+01 2.466884418654414191e+01 9.584776326586574413e+00
4.454878278647193923e+01 7.600074939433001475e+01 4.194104152161268217e+01
3.117088741396775475e+01 3.955915843285239930e+01 6.308062121947718737e+01
