1.626588277542413863e+01 1.708799394805461702e+01 2.052071384954208710e+01
3.142856216659626156e+01 8.832659709694176797e+00 9.941534015810743696e+00
2.018922280336296637e+01 3.408745726049162528e+01 1.646300426917213500e+01
3.797420488286589091e+01 4.484924559320992188e+01 3.373632472427738094e+01
8.615627358661999580e+00 2.583372983003296497e+01 1.464825632775755082e+01
1.268947926229299306e+01 2.318035200670389173e+01 1.583546904870763328e+01
3.883401841467331650e+01 3.827258188834677100e+01 4.261758256716992577e+01
6.638540630641438511e+00 6.134758536137498552e+00 4.051856928336340502e+01
6.067773982608970051e+00 3.410841743538012061e+00 3.905131583860811872e+01
6.725491110531069694e+01 2.805059013050187389e+01 1.186810938699190743e+01
4.940878862859262455e+01 8.023832819918315806e+01 4.590291080738249008e+01
3.424831852026981238e+01 4.160516847621179437e+01 5.977258648216258052e+01
