1.781158131180756143e+01 1.841741156701646176e+01 2.153862286738759835e+01
3.155234270839449096e+01 1.225693424056702696e+01 1.075642853800864529e+01
2.462369341459327998e+01 3.393482970752497607e+01 1.878971415843122372e+01
4.145448429321746886e+01 4.379963453439467713e+01 3.574247251202393727e+01
1.133034574150150320e+01 3.033949334171987289e+01 2.019385314832647538e+01
1.488469626051598915e+01 2.429531524135331466e+01 1.799720605148801056e+01
4.073818381294876900e+01 4.075772503855432660e+01 4.158826313373615591e+01
9.935561024905293692e+00 7.100737638201425561e+00 4.148401447694782718e+01
1.020431810224165758e+01 3.410841743538012061e+00 4.090844862322281728e+01
6.433995391421382237e+01 3.325651667506729581e+01 1.622247098916917452e+01
5.639933978622183730e+01 7.684821288171427511e+01 5.597465819996682512e+01
3.890680201692856599e+01 4.517277862126094590e+01 6.330442609225102046e+01
