1.637329870814204824e+01 1.715642302964802823e+01 1.803741926888646674e+01
3.139897493259235262e+01 9.222859364130307824e+00 9.941534015810743696e+00
2.082361219943767594e+01 3.549674762634750635e+01 1.680698134382395281e+01
3.869943031707674663e+01 4.246919472340118062e+01 3.480775582140307023e+01
9.537268721661792625e+00 2.911082711888223074e+01 1.676921357149503677e+01
1.305430960950207542e+01 2.246067114479561866e+01 1.583546904870763328e+01
3.974097385874755872e+01 3.883826746309237166e+01 4.156385678875608392e+01
7.303620701285942651e+00 6.858486800860249311e+00 4.091448483022836058e+01
7.859715031314580713e+00 3.410841743538012061e+00 3.981010648653597173e+01
6.586281290618548212e+01 2.875407507912875005e+01 1.404649708193724855e+01
5.093509427918443322e+01 7.557613991084424754e+01 4.923030320367524126e+01
3.475295738535536572e+01 4.254593927305998591e+01 5.787199770344747662e+01
