1.912083614601716519e+01 1.969689045841140995e+01 2.362935307978857935e+01
3.186235211610705420e+01 1.373399261063904042e+01 1.325679448734207533e+01
2.701597899177927076e+01 3.436907482414082438e+01 2.092130753424792999e+01
3.964247740429859590e+01 4.361374884299707588e+01 3.596364642386275534e+01
1.298353563039464120e+01 2.834977174001063460e+01 2.269050603379627162e+01
1.582584823115937489e+01 2.508847363156184684e+01 2.221251774413216395e+01
4.029226218664195613e+01 3.985248340426694114e+01 4.198477720417575654e+01
1.055968838895518047e+01 7.100737638201425561e+00 4.143677037217980796e+01
1.123772097642634904e+01 3.772020205812386173e+00 4.130738394736473396e+01
6.269596261888974453e+01 3.738971247174669799e+01 1.947357797799078938e+01
5.796442161428419126e+01 7.645093366979099869e+01 5.556595114956236614e+01
4.088096989810060222e+01 4.630655375706007959e+01 6.314182650076285341e+01
