1.931027405319921542e+01 1.978481702898907102e+01 2.197221878237837700e+01
3.170000116315625860e+01 1.397089807392577043e+01 1.369161909164629876e+01
2.787988444197266347e+01 3.375614915972241903e+01 2.111644325960812552e+01
3.969103822038682239e+01 4.482083015212145227e+01 3.622890785033866479e+01
1.324091713634774869e+01 2.908879951197628344e+01 2.269050603379627162e+01
1.599995027554700222e+01 2.396295907169448114e+01 2.228055065225372999e+01
4.078094824926959205e+01 3.980698641481846067e+01 4.306629762767935432e+01
1.055968838895518047e+01 7.100737638201425561e+00 4.155168997127845643e+01
1.225502377168569268e+01 3.772020205812386173e+00 4.144976631812928503e+01
6.559277803664053863e+01 3.836982332275358942e+01 2.034005993131384926e+01
5.750352773982124432e+01 7.605806942609828525e+01 5.538349310743987530e+01
4.088096989810060222e+01 4.711171643911528406e+01 6.010449253910354628e+01
