1.892884009772550513e+01 1.953048185600270514e+01 2.725979879164800579e+01
3.153962688954826277e+01 1.373399261063904042e+01 1.292931450165905360e+01
2.675669959049857027e+01 3.369932096536100374e+01 2.075902202061986657e+01
4.047422832458035202e+01 4.386631747074655863e+01 3.596170398417575598e+01
1.260394293716969649e+01 2.779380757686747927e+01 2.233820351142080440e+01
1.582584823115937489e+01 2.403080665286337947e+01 2.220642914262039369e+01
4.037870642994158032e+01 3.980055072765530610e+01 4.204431251863898211e+01
1.055968838895518047e+01 7.100737638201425561e+00 4.137919338444373096e+01
1.123772097642634904e+01 3.772020205812386173e+00 4.129780423000784140e+01
6.175591584102099318e+01 3.738971247174669799e+01 1.947357797799078938e+01
5.796442161428419126e+01 7.354728362814118725e+01 5.762504833115742997e+01
4.088096989810060222e+01 4.550484909195571248e+01 6.111291431241112093e+01
