5.237836209772835927e-01 5.231569332527721272e-01 5.237301542503179919e-01
9.992194824218749716e-01 9.934900651375354608e-01 9.945694596091048112e-01
1.000000000000000000e+00 1.005396240234375016e+00 1.000000000000000000e+00
9.995686035156249316e-01 1.001517954101562413e+00 9.998310546874999982e-01
1.000000000000000000e+00 1.000000000000000000e+00 1.000000000000000000e+00
9.946952161284594585e-01 1.000000000000000000e+00 1.000000000000000000e+00
1.000000000000000000e+00 1.000000000000000000e+00 1.000000000000000000e+00
1.000000000000000000e+00 1.000000000000000000e+00 1.000000000000000000e+00
1.000000000000000000e+00 1.000000000000000000e+00 1.000000000000000000e+00
1.000000000000000000e+00 1.000000000000000000e+00 1.000000000000000000e+00
1.000000000000000000e+00 1.000000000000000000e+00 1.000000000000000000e+00
1.000000000000000000e+00 1.000000000000000000e+00 1.000000000000000000e+00
