8.725078223138535094e+00 8.455090464428533181e+00 1.056367154148079024e+01
1.379497646093123464e+01 4.137874851289659262e+00 3.367188250669999050e+00
9.606877433314384263e+00 1.788731512979795824e+01 6.121116599980447326e+00
1.787087169931188058e+01 3.154880837708482844e+01 2.861394715608160766e+01
3.399177001535114151e+00 1.456138169225863521e+01 6.265282217270568665e+00
3.332846046788930039e+00 1.188693671226139514e+01 8.206568775845633823e+00
2.786449374981499361e+01 2.732198664427761869e+01 3.107119607629378777e+01
2.523780258181703928e+00 2.137395958700705645e+00 1.317144419512689169e+01
1.991786641341284803e+00 2.388707894588433245e+00 8.468211028929255590e+00
1.579312629795090572e+01 2.089734210746415854e+00 2.826629760766365074e+00
1.063883911681942607e+01 4.334958479499121609e+01 8.311243915610278421e+00
1.814165032422446089e+01 3.126896257887432284e+01 2.742947626684399509e+01
