1.196269669138728275e+01 1.151129696444702866e+01 2.084131021107804926e+01
2.058298964014148069e+01 5.887037268754318653e+00 6.474055233484214966e+00
1.406875886020062794e+01 2.529486335832150345e+01 8.357607110709221132e+00
2.715410220817573617e+01 3.646035484129541970e+01 2.785965337638740280e+01
5.889964191387091041e+00 2.425975021200357418e+01 8.738392420300376884e+00
5.515709920174410641e+00 2.034711807742386469e+01 1.117155279590323502e+01
3.101442739497637291e+01 3.145068004464928180e+01 3.534838899124466138e+01
4.216413999102502252e+00 4.176295348739838431e+00 2.871048574839656808e+01
3.789494165293662675e+00 2.819670186724969163e+00 2.417870605951708995e+01
5.308433470063260984e+01 1.102372157406531983e+01 4.288722727664119994e+00
3.064653353050177031e+01 6.748719503017464660e+01 2.324742135410339827e+01
2.532452568140477922e+01 3.422830605319518327e+01 5.447598772994173544e+01
