1.657594163384914765e+01 1.647651063168365226e+01 2.006191112018453282e+01
3.374311128255506276e+01 1.492869093923455814e+01 1.433937223744738709e+01
2.883722541281023766e+01 3.225196971200138307e+01 2.163669694159996482e+01
3.893943004996192769e+01 4.271751906482065664e+01 3.595096075054237872e+01
1.436977190007450744e+01 3.205792671493481549e+01 2.336491903109678248e+01
1.657341296279198772e+01 2.259731297478725764e+01 3.108302839151234664e+01
3.932834451338656834e+01 3.954908718489970454e+01 4.215485653551090905e+01
1.309264017814550130e+01 7.100737638201425561e+00 4.038134916173102340e+01
1.225502377168569268e+01 5.336308760377851179e+00 4.199936497479304620e+01
6.559036775798219310e+01 4.242228004468299929e+01 2.243751780728503675e+01
5.835441628039608020e+01 7.162322356896092401e+01 5.478623046286830345e+01
4.316134578705518976e+01 4.850433583461717291e+01 6.074809389559860762e+01
