1.633349678585623366e+01 1.719114366493066726e+01 2.119652773966613779e+01
3.118483722733002850e+01 8.832659709694176797e+00 9.941534015810743696e+00
2.018922280336296637e+01 3.429196506919409870e+01 1.646300426917213500e+01
3.768503135189187248e+01 4.465881599820114900e+01 3.375085398159200167e+01
8.871429182146323811e+00 2.619148910273997188e+01 1.512698925812713391e+01
1.285513738207438372e+01 2.188153891218684066e+01 1.583546904870763328e+01
3.896731412032043806e+01 3.834792809655393597e+01 4.197239699336629570e+01
6.638540630641438511e+00 6.134758536137498552e+00 4.050106909117022980e+01
6.067773982608970051e+00 3.410841743538012061e+00 3.914569087357065058e+01
6.625898163466794699e+01 2.805059013050187389e+01 1.242710786904840070e+01
4.984976436016414425e+01 7.674597016637777358e+01 4.770930469057650924e+01
3.424831852026981238e+01 4.160516847621179437e+01 6.185473440635893638e+01
