1.619022618019079829e+01 1.684922058433377501e+01 2.100042731182051625e+01
3.073178393635926753e+01 8.832659709694176797e+00 9.567037668290877761e+00
1.928698098960592233e+01 3.274214986557798568e+01 1.646300426917213500e+01
3.640473967261567623e+01 4.338764331471985258e+01 3.373632472427738094e+01
8.291255123998430676e+00 2.847394922895653480e+01 1.409077231321246160e+01
1.187683781273899442e+01 2.217808322974952517e+01 1.583546904870763328e+01
3.859921250383150237e+01 3.792432191378763662e+01 4.127615808907921036e+01
6.638540630641438511e+00 5.415345638478491708e+00 4.040713007271963164e+01
6.067773982608970051e+00 3.410841743538012061e+00 3.887269061510372836e+01
6.635920198822294935e+01 2.805059013050187389e+01 1.186810938699190743e+01
4.935885504951925640e+01 7.579913555326301378e+01 4.565373925176093195e+01
3.424831852026981238e+01 4.122574234631969858e+01 6.127419305157367546e+01
