1.297187221865831219e+01 1.309280130579758072e+01 1.886638580598907922e+01
2.722012314705589020e+01 6.104332405243538595e+00 7.702015980441932363e+00
1.509368991156382656e+01 3.044389872892555005e+01 9.669163879666069050e+00
2.968849939714075958e+01 4.165609694827723786e+01 2.966060408932005998e+01
6.143322603659011172e+00 2.701394505723606088e+01 9.524237699541775015e+00
7.043612337744664664e+00 2.171490555966268587e+01 1.220873153948470957e+01
3.434476098685016154e+01 3.324322100210397934e+01 3.957060884327223249e+01
4.767511909326808350e+00 4.714270740118504222e+00 3.416839045902940342e+01
3.789494165293662675e+00 2.819670186724969163e+00 3.115378513183489773e+01
6.031056570150067131e+01 1.294611211849612609e+01 5.641172239320914272e+00
3.739349218799934960e+01 7.329282096967014581e+01 2.948994149687975508e+01
2.689748313172669469e+01 3.572757394730648883e+01 5.328117852979670488e+01
