1.632556314553411170e+01 1.632284883627038496e+01 2.026774137679167964e+01
3.326827868127783461e+01 1.397089807392577043e+01 1.369161909164629876e+01
2.883722541281023766e+01 3.339631414712083313e+01 2.157148267246554596e+01
3.872001876628204542e+01 4.144154119394708857e+01 3.591413598925318240e+01
1.408138415127329779e+01 3.254075607495921929e+01 2.283800631265052772e+01
1.653163624752869509e+01 2.259731297478725764e+01 2.789954097282822332e+01
3.977521058428243350e+01 4.017561425702192679e+01 4.066423354485446140e+01
1.309264017814550130e+01 7.100737638201425561e+00 4.084407230661526000e+01
1.225502377168569268e+01 4.540419626227436112e+00 4.263425115642159113e+01
6.327592903676006131e+01 3.979266421212297900e+01 2.206813776439801345e+01
5.803452337468004885e+01 7.256924558392636015e+01 5.517875668680342471e+01
4.262100079071917236e+01 4.829680858283521161e+01 6.081361216579261963e+01
