9.567355772516018320e+00 9.435546698110087505e+00 1.342272505099767699e+01
1.584116076928025585e+01 4.737969038323033288e+00 4.279532131131913886e+00
1.153843834651408073e+01 1.848628380611011934e+01 7.404964172464939764e+00
2.038401167103361189e+01 2.989659198323913358e+01 2.714410101643786177e+01
4.516272055501865168e+00 1.843522394511140305e+01 6.401243475336208633e+00
4.136303792975733806e+00 1.451344627689777766e+01 9.032802350164262251e+00
2.935031633758054426e+01 2.888702085157097343e+01 3.005749210950023098e+01
3.267385681574169087e+00 3.052887507513408316e+00 1.743264657671073792e+01
1.991786641341284803e+00 2.388707894588433245e+00 1.135043800166000239e+01
2.527826333108254175e+01 3.771350496746905812e+00 4.049343869957967357e+00
1.420099656732556959e+01 5.179557091867312835e+01 1.024937867807769010e+01
2.114777909455813187e+01 3.179802246682669420e+01 3.836206437616490916e+01
