1.654253234184445631e+01 1.742301542385903801e+01 2.525613760465934021e+01
3.011220924013623446e+01 9.526254444423280177e+00 1.021804037659959263e+01
2.121343785191040610e+01 3.218248011132975250e+01 1.703643093936269892e+01
4.011731843298833411e+01 4.264816608844282797e+01 3.512305142189946139e+01
9.537268721661792625e+00 2.860601432822033630e+01 1.676921357149503677e+01
1.335218586908058214e+01 2.415195051637310186e+01 1.604112145354039498e+01
3.870379927881468518e+01 3.829322632287162520e+01 4.046309947079367220e+01
7.303620701285942651e+00 6.858486800860249311e+00 4.016174348136886607e+01
8.089550365070033777e+00 3.410841743538012061e+00 3.979914804290304886e+01
6.035044534711686026e+01 2.875407507912875005e+01 1.404649708193724855e+01
5.175703511295932913e+01 7.587106615957125655e+01 4.961930988374019336e+01
3.525823585226715551e+01 4.279063270402347285e+01 5.806566442805746675e+01
