4.331160537267782829e+00 4.013397900659311013e+00 7.318919553515899068e+00
1.529821344653151893e+00 1.160170925762867844e+00 1.120427581452845489e+00
1.068291162831156882e+00 2.442553916919667945e+00 1.211561653778911563e+00
1.868909242453300479e+00 4.864841440085173829e+00 1.405182279970692560e+00
1.283463682171291920e+00 1.722212444834444689e+00 1.106205160409423183e+00
1.271076103439205740e+00 2.205028460893466491e+00 1.090201207806947625e+00
1.052462276062493274e+01 6.337028148833141472e+00 7.652169623814129906e+00
1.839627850455774594e+00 1.495723001418946874e+00 3.781427324595329154e+00
1.406899558487561652e+00 1.681524554212195710e+00 2.230310198058610638e+00
1.961118666144925804e+00 1.285565667908789678e+00 1.236506307691451090e+00
1.266896607447266065e+00 3.760819823087260705e+00 1.090773412771988360e+00
1.415503875859204896e+00 5.638881076893604849e+00 1.212995543523117226e+00
