3.286547474308442851e+00 3.289553863656633048e+00 3.292276754909467140e+00
2.266070340369580105e+00 2.010477305269550818e+00 1.723193311823646212e+00
1.755201922609094911e+00 3.972886254865264366e+00 1.604548668357388852e+00
3.225760801511039944e+00 9.625389191778976894e+00 4.501924709165130878e+00
1.523171797531240879e+00 3.317594825471691600e+00 1.837542291178551945e+00
1.706646427832620772e+00 4.291624287017667960e+00 1.911645072819091240e+00
1.189206055969432008e+01 1.001471125834453524e+01 1.199290308303725183e+01
2.523780258181703928e+00 1.970253840693001246e+00 6.231411075696371427e+00
1.991786641341284803e+00 2.035099444430729765e+00 4.001550048540847726e+00
3.647381608464825842e+00 1.410046281964938863e+00 1.705330387847047380e+00
1.887355631273000878e+00 1.075193023613720911e+01 1.394171586387508821e+00
3.382249373079056376e+00 8.762439431324635208e+00 2.563186609851385800e+00
