1.695573502278744016e+01 1.760807699225964029e+01 2.447758800976877680e+01
3.051057737362683042e+01 9.803067884948283961e+00 1.021804037659959263e+01
2.161027602349303933e+01 3.246491645999286391e+01 1.714080658240217758e+01
3.983338812090524783e+01 4.250067452841027205e+01 3.510737418633604534e+01
9.537268721661792625e+00 2.810684331717191498e+01 1.676921357149503677e+01
1.367029497520054449e+01 2.334833688801992935e+01 1.623333303011588313e+01
3.885707499152712785e+01 3.838942458116346046e+01 4.094220174994500638e+01
7.303620701285942651e+00 6.858486800860249311e+00 4.023532196158185315e+01
9.141364004564341172e+00 3.410841743538012061e+00 3.996023543924030008e+01
6.274275884785418356e+01 2.875407507912875005e+01 1.404649708193724855e+01
5.190194970749782044e+01 7.879303853872397667e+01 4.944182157824534585e+01
3.561474956578979345e+01 4.349704506061136300e+01 5.463808992916253970e+01
