1.754915523514474884e+01 1.811645790705885162e+01 1.966757190184677029e+01
3.185235575898610350e+01 1.107189002990637228e+01 1.058114717683514883e+01
2.319628152558761514e+01 3.410687237698360263e+01 1.767454348969524247e+01
3.970044678717828646e+01 4.674007685578870763e+01 3.567303912259751542e+01
1.033698890187924135e+01 2.949669650600336368e+01 1.919713080771457925e+01
1.455876755276248957e+01 2.443988969255893551e+01 1.709030003494339667e+01
3.968929872839846240e+01 3.942146028678502034e+01 4.298259854696522808e+01
7.303620701285942651e+00 6.858486800860249311e+00 4.103019884640374926e+01
9.141364004564341172e+00 3.410841743538012061e+00 4.013313099317384314e+01
6.219590899715254295e+01 3.083691281988830823e+01 1.563933835247898685e+01
5.459814866243443277e+01 7.993208747791166502e+01 5.064456702104349972e+01
3.780276878196292500e+01 4.491965764903964242e+01 5.966563328432484781e+01
