1.118387976536279105e+01 1.079083779607728744e+01 1.554381107896196390e+01
1.914327512532363684e+01 5.208672874636594230e+00 5.689555549767136178e+00
1.204024430419407921e+01 2.269031464892579208e+01 7.951198895010099577e+00
2.329743808633135416e+01 3.373781936430045647e+01 2.722437216600265586e+01
5.171046721810007796e+00 2.082493503900389697e+01 6.832601259860059173e+00
5.109476138831096748e+00 1.700498303826972801e+01 9.032802350164262251e+00
2.956627690022044774e+01 2.935683964195415641e+01 3.320412436602118333e+01
4.216413999102502252e+00 3.052887507513408316e+00 2.385996041658589206e+01
3.789494165293662675e+00 2.388707894588433245e+00 1.744691361307203081e+01
4.207324326048927787e+01 7.827747544268895297e+00 4.288722727664119994e+00
2.448737216060947475e+01 6.550474439305526175e+01 1.662839181602566185e+01
2.436234978473963508e+01 3.280650096927796255e+01 4.534777472921847874e+01
