1.879908159644989141e+01 1.936569466939010908e+01 2.235966269932859518e+01
3.078280101589117734e+01 1.355240183623863537e+01 1.292931450165905360e+01
2.666373609699124003e+01 3.311992181869448615e+01 2.075902202061986657e+01
4.045257317938160924e+01 4.455658303004199894e+01 3.563603856914149048e+01
1.241918682083777270e+01 2.744992400457532611e+01 2.233820351142080440e+01
1.569905648388819763e+01 2.400389138903419806e+01 2.184368175114823885e+01
4.032639097184649302e+01 3.967606687488731154e+01 4.207437545147300284e+01
1.055968838895518047e+01 7.100737638201425561e+00 4.131367870989097213e+01
1.123772097642634904e+01 3.772020205812386173e+00 4.118234828072461795e+01
6.545833977998405828e+01 3.738971247174669799e+01 1.813283625167878199e+01
5.792408429919809976e+01 7.757339465448109195e+01 5.865302221965090013e+01
4.050969465689304627e+01 4.550484909195571248e+01 5.891183480791627147e+01
