1.058619188989008641e+01 1.033415992286446361e+01 1.657947251544408829e+01
1.831493746665213607e+01 5.208672874636594230e+00 5.689555549767136178e+00
1.204024430419407921e+01 2.137419391157439819e+01 7.951198895010099577e+00
2.281511480262706115e+01 3.258660935200441600e+01 2.702394249772448731e+01
4.898960768188018733e+00 2.038050983550444073e+01 6.832601259860059173e+00
4.508157869769625847e+00 1.660510847111056165e+01 9.032802350164262251e+00
2.880459399858178671e+01 2.851738660264885183e+01 3.093543097779325990e+01
4.216413999102502252e+00 3.052887507513408316e+00 2.175698560031371187e+01
3.789494165293662675e+00 2.388707894588433245e+00 1.463144699625383005e+01
3.673224834658111604e+01 4.728142967028319710e+00 4.288722727664119994e+00
2.208052896108816299e+01 6.141636123965356830e+01 1.368198194556876679e+01
2.350215927246733116e+01 3.280650096927796255e+01 4.237961038943394243e+01
