1.464899327360322623e+01 1.382394510266868437e+01 1.884491029897397496e+01
2.924675271777262608e+01 6.868597137987820567e+00 8.282662785067577360e+00
1.740265979592760459e+01 3.011635638974878049e+01 1.198096386764965260e+01
3.209585227366894600e+01 4.159097288462002950e+01 3.124860556742990525e+01
6.143322603659011172e+00 2.929535836568895490e+01 1.063689675553551872e+01
8.705936852599451825e+00 2.175983111453946250e+01 1.321302516237370206e+01
3.641544206388844884e+01 3.515018742089451820e+01 3.984253592266808397e+01
6.018690694495010263e+00 4.714270740118504222e+00 3.760116556501180440e+01
4.912805399588299871e+00 3.410841743538012061e+00 3.544001451414194293e+01
6.144243952817386401e+01 1.936350481649726163e+01 7.864865932954135275e+00
4.026153556672485934e+01 7.128052131188833584e+01 3.628600511455010036e+01
3.058846275562267891e+01 3.956404693277498552e+01 5.525644386114918660e+01
