1.926919141480266262e+01 1.977763192788477298e+01 2.305827603626872602e+01
3.221316814390806371e+01 1.373399261063904042e+01 1.357192407049574179e+01
2.762325490356091251e+01 3.381282562329518271e+01 2.111644325960812552e+01
3.947372620693121092e+01 4.514958733667271673e+01 3.596364642386275534e+01
1.298353563039464120e+01 2.909826702168450296e+01 2.269050603379627162e+01
1.592895416161779742e+01 2.393509681098651853e+01 2.228055065225372999e+01
4.053870702583792252e+01 4.017443092892938949e+01 4.325572895691569641e+01
1.055968838895518047e+01 7.100737638201425561e+00 4.155654819554916912e+01
1.225502377168569268e+01 3.772020205812386173e+00 4.141589411615713345e+01
6.448719876240043902e+01 3.788419583073153518e+01 2.034005993131384926e+01
5.741156887624416072e+01 7.757261953429743073e+01 5.512979823485102315e+01
4.088096989810060222e+01 4.689754611943398288e+01 5.948898278441367182e+01
