1.699683748481114520e+01 1.716000693565553092e+01 2.164413468699216736e+01
3.129449350060903967e+01 1.500831085588471225e+01 1.515072354300489188e+01
2.922024739055629539e+01 3.142401050866043022e+01 2.191700644496065919e+01
3.757388612361484093e+01 4.067188583120707079e+01 3.575546693793668851e+01
1.465601096644644841e+01 3.351553569681221489e+01 2.359882377782090401e+01
1.657341296279198772e+01 2.271644909937156598e+01 3.237087765239643034e+01
3.752245893136299770e+01 3.784990364604139756e+01 3.951650875316402534e+01
1.309264017814550130e+01 7.761703679576332782e+00 3.913190377917445772e+01
1.225502377168569268e+01 5.336308760377851179e+00 4.143086915363718248e+01
6.064591620377458980e+01 4.314137967596648338e+01 2.243751780728503675e+01
5.756629526698950627e+01 7.564759822333854800e+01 5.353178985149476432e+01
4.397591892427694660e+01 4.864343129796619536e+01 5.656724458915039122e+01
