1.243363742340514655e+01 1.186484239568353161e+01 1.968059038745455780e+01
2.181903928434949336e+01 5.887037268754318653e+00 6.474055233484214966e+00
1.406875886020062794e+01 2.545259120301986755e+01 8.357607110709221132e+00
2.719930348171093826e+01 3.842096846689060641e+01 2.793144352696095822e+01
5.889964191387091041e+00 2.333483104068889702e+01 8.738392420300376884e+00
5.515709920174410641e+00 2.218038480469797591e+01 1.117155279590323502e+01
3.175899377685516001e+01 3.134074905977195513e+01 3.570496539038717998e+01
4.216413999102502252e+00 4.176295348739838431e+00 2.981632784249601542e+01
3.789494165293662675e+00 2.819670186724969163e+00 2.526340718717515443e+01
5.557931809027996195e+01 1.102372157406531983e+01 4.288722727664119994e+00
3.158853343403351488e+01 6.959133588607188869e+01 2.372710492674901062e+01
2.532452568140477922e+01 3.422830605319518327e+01 5.597660664227834104e+01
