1.771826443877377244e+01 1.830940433957357172e+01 1.998161110670015361e+01
3.209094896749777348e+01 1.225693424056702696e+01 1.075642853800864529e+01
2.391247011879439555e+01 3.430027613837465594e+01 1.815693087120045845e+01
3.993048170165684496e+01 4.513668495249486767e+01 3.568617695265774614e+01
1.111715007896187402e+01 3.050369553609233364e+01 1.943575662516901659e+01
1.455876755276248957e+01 2.330733598129464568e+01 1.763147590270174092e+01
4.029303927302213140e+01 3.967122196784352894e+01 4.235668224201229037e+01
7.984359295082506414e+00 7.100737638201425561e+00 4.105375147205904796e+01
1.020431810224165758e+01 3.410841743538012061e+00 4.065940712173854621e+01
6.604493888489959375e+01 3.206769005336921907e+01 1.622247098916917452e+01
5.567227596215701624e+01 7.900606279819612610e+01 5.312028223533271643e+01
3.837662828585797570e+01 4.517277862126094590e+01 5.908120664460989957e+01
