1.738364992223265304e+01 1.776281611364289859e+01 2.297290687634729167e+01
3.215172825871943729e+01 1.017828608097683052e+01 1.058114717683514883e+01
2.207218681628791757e+01 3.329398889276578188e+01 1.744983673075728703e+01
3.997218469839985744e+01 4.607602459687646501e+01 3.547210804284671326e+01
1.009216439400832144e+01 2.777992305459540745e+01 1.799972634361320800e+01
1.408469193727114543e+01 2.440531282767723198e+01 1.652574064978065138e+01
3.928745452582338515e+01 3.865330994846170398e+01 4.361001463937767397e+01
7.303620701285942651e+00 6.858486800860249311e+00 4.067014323834538914e+01
9.141364004564341172e+00 3.410841743538012061e+00 4.029386043357054348e+01
6.223270613193851375e+01 3.000964895981508107e+01 1.563933835247898685e+01
5.353946690834873579e+01 7.422944825954606074e+01 4.925576764504581462e+01
3.732318565514125197e+01 4.391460114433839124e+01 5.831025789008880622e+01
