1.290013173860009665e+01 1.300267804964153306e+01 1.850761140768533153e+01
2.607162105293557275e+01 5.887037268754318653e+00 7.499995640891691018e+00
1.489768249059145688e+01 3.073277623406785608e+01 9.669163879666069050e+00
2.949100141486674787e+01 4.059401795876683394e+01 2.910951197415817404e+01
6.143322603659011172e+00 2.685021547811379605e+01 8.966563212345768363e+00
6.790493291701398704e+00 2.136900888465623893e+01 1.220873153948470957e+01
3.402846327249140046e+01 3.270483195109857633e+01 3.962835068819848772e+01
4.767511909326808350e+00 4.714270740118504222e+00 3.313085945328369775e+01
3.789494165293662675e+00 2.819670186724969163e+00 3.066013453142114997e+01
6.018223645539652722e+01 1.294611211849612609e+01 5.420070957008785939e+00
3.710083033920324169e+01 6.980127775032822512e+01 2.911435332855733193e+01
2.689748313172669469e+01 3.535134473767926266e+01 5.403197776636477556e+01
