1.932964626531830632e+01 1.976835599663399279e+01 2.483449826666141647e+01
3.277744389805398129e+01 1.397089807392577043e+01 1.369161909164629876e+01
2.835063597001359526e+01 3.311986639970729129e+01 2.111644325960812552e+01
4.014462991650611912e+01 4.457238668198832698e+01 3.628233483893978928e+01
1.340937419558317067e+01 2.882671423294703672e+01 2.269050603379627162e+01
1.606787740756797689e+01 2.354769553695586737e+01 2.263269128810995667e+01
4.098597077101769059e+01 4.015833244623912179e+01 4.221879636045318307e+01
1.055968838895518047e+01 7.100737638201425561e+00 4.169033491187876450e+01
1.225502377168569268e+01 4.540419626227436112e+00 4.149263871873831988e+01
6.309267711177266591e+01 3.836982332275358942e+01 2.076464290275745483e+01
5.720169641532042704e+01 7.436421239236685210e+01 5.467354762919981681e+01
4.124674269346264310e+01 4.732470050004087625e+01 5.987969816907749987e+01
