1.331105116521312937e+01 1.318427642659768217e+01 2.064454949793677940e+01
2.754443864046337609e+01 6.477767317573617234e+00 7.702015980441932363e+00
1.509368991156382656e+01 3.215080557420660057e+01 1.007898844504884650e+01
3.019667458220319034e+01 4.209185589367820057e+01 2.984724429505339316e+01
6.143322603659011172e+00 2.767847083029265676e+01 1.010541093764037157e+01
7.245575859085749748e+00 2.119314375457064870e+01 1.220873153948470957e+01
3.467092668902739661e+01 3.345951864660774788e+01 4.009985594949410626e+01
4.767511909326808350e+00 4.714270740118504222e+00 3.530829175290044475e+01
3.789494165293662675e+00 3.410841743538012061e+00 3.174541982759381753e+01
5.842650477559279665e+01 1.595033462173438465e+01 6.170351057766898961e+00
3.774430018242938445e+01 7.142094611938260584e+01 3.093586778326510256e+01
2.689748313172669469e+01 3.640344499784995236e+01 5.397561024424924625e+01
