1.514517960849896916e+01 1.495582833991161564e+01 1.966119490666254421e+01
2.979664885394533513e+01 6.868597137987820567e+00 8.282662785067577360e+00
1.824111743026768906e+01 3.192513280744093862e+01 1.227694862318718094e+01
3.351124149530683383e+01 4.522910933852216431e+01 3.180783623484214928e+01
6.817592570144229924e+00 2.828678969278099942e+01 1.173447508106070458e+01
9.899155903406498425e+00 2.298877696035486906e+01 1.467757269995142977e+01
3.704350295393281556e+01 3.610174128588155185e+01 4.110986397010692173e+01
6.638540630641438511e+00 4.714270740118504222e+00 3.842218213976883590e+01
4.912805399588299871e+00 3.410841743538012061e+00 3.637469436045456206e+01
6.284187775083047711e+01 2.466884418654414191e+01 9.028920790789175754e+00
4.046147014351377891e+01 7.440807775899665444e+01 3.942834087033733681e+01
3.096541015366466709e+01 3.955915843285239930e+01 5.728542410280088149e+01
