3.295869805645105011e+00 3.242891363700871832e+00 4.828529341157281607e+00
2.874206254342405398e+00 2.010477305269550818e+00 1.809902291334080537e+00
2.514541095028399287e+00 6.405384029134439494e+00 1.616887959360187921e+00
6.287046477450374482e+00 1.831365408029405373e+01 5.999188957419960389e+00
1.569769846270029356e+00 4.434103596062245245e+00 2.082103605027534332e+00
1.983532736914040973e+00 4.990566726883671755e+00 2.280847668159784902e+00
1.362935772428244796e+01 1.327237777047161416e+01 1.642808831531240088e+01
2.523780258181703928e+00 2.137395958700705645e+00 7.743570876351443921e+00
1.991786641341284803e+00 2.140407990510106995e+00 4.429531365661381059e+00
5.092295797527841117e+00 1.457525206566548936e+00 2.034172379033458711e+00
4.113778873604743147e+00 2.070748430212534075e+01 2.671310416402481458e+00
7.192984855699006808e+00 1.431049549491821615e+01 7.259284695979832946e+00
