1.673279773958560313e+01 1.695080457203933122e+01 2.279503270845741625e+01
3.111815427534989453e+01 1.492869093923455814e+01 1.515072354300489188e+01
2.906506738387600208e+01 3.130223073484004459e+01 2.191700644496065919e+01
3.833781541413724625e+01 3.932057401031512001e+01 3.582566988452726520e+01
1.465601096644644841e+01 3.252387174349633625e+01 2.359882377782090401e+01
1.657341296279198772e+01 2.271644909937156598e+01 3.160112056182685691e+01
3.834022573373868426e+01 3.802662701337334283e+01 3.877871494243107264e+01
1.309264017814550130e+01 7.100737638201425561e+00 3.987016545581958837e+01
1.225502377168569268e+01 5.336308760377851179e+00 4.186432052141663718e+01
6.173339792346927624e+01 4.283641872492496105e+01 2.243751780728503675e+01
5.835441628039608020e+01 6.965823348862176090e+01 5.412540046092117763e+01
4.316134578705518976e+01 4.850433583461717291e+01 6.050443929910800023e+01
