1.594621092041350074e+01 1.608785692226748765e+01 2.208110834392215338e+01
2.842274471763175114e+01 8.832659709694176797e+00 8.832805354254553265e+00
1.847472171809793196e+01 3.084569677267220200e+01 1.488973427243673697e+01
3.552306813708820243e+01 4.559493287214366575e+01 3.220465129381146596e+01
8.024061628380366074e+00 2.783341265318420099e+01 1.262665580741375493e+01
1.090131976131999103e+01 2.379987725417665700e+01 1.508346583187931067e+01
3.821381639661456830e+01 3.714980441088325591e+01 4.158966532951940565e+01
6.638540630641438511e+00 4.714270740118504222e+00 3.956241665161717691e+01
6.067773982608970051e+00 3.410841743538012061e+00 3.791284389729098336e+01
6.601996439800008432e+01 2.637910199874002259e+01 1.017886637337831424e+01
4.702532040581206729e+01 7.178048426738151022e+01 4.571837441585277162e+01
3.248221698058048190e+01 4.038386867449232653e+01 6.147537888162115394e+01
