1.769055551273951110e+01 1.825801254425899600e+01 2.099689246997368741e+01
3.180528368630261227e+01 1.191406699373045264e+01 1.058114717683514883e+01
2.391247011879439555e+01 3.382957765196355382e+01 1.792756096470005289e+01
3.962313361809678725e+01 4.418210076610990455e+01 3.555858124854360369e+01
1.111715007896187402e+01 3.058430688312060752e+01 1.943575662516901659e+01
1.455876755276248957e+01 2.313305109881975596e+01 1.719382621577791070e+01
4.007434561735082923e+01 3.953572497054760504e+01 4.192437297660033124e+01
7.303620701285942651e+00 6.858486800860249311e+00 4.112061394230178735e+01
1.020431810224165758e+01 3.410841743538012061e+00 4.049663015018843737e+01
6.700714859138921042e+01 3.206769005336921907e+01 1.617426124400569876e+01
5.567227596215701624e+01 7.186999313385101118e+01 5.254732939537906589e+01
3.790380652229915626e+01 4.491965764903964242e+01 6.348926565018832946e+01
