1.519395228714269308e+01 1.506439046559862049e+01 2.017782825775582722e+01
3.073172006351213525e+01 7.283310611503440057e+00 8.282662785067577360e+00
1.846270100364575484e+01 3.218375532055645039e+01 1.286089567871174388e+01
3.368812602720782223e+01 4.442520281904267421e+01 3.198648964030714481e+01
7.095400392644495291e+00 2.898744548652229014e+01 1.232614626216074782e+01
1.020938729781233612e+01 2.274759762205888691e+01 1.467757269995142977e+01
3.738788682125153429e+01 3.632699156260353845e+01 4.383205434357552832e+01
6.638540630641438511e+00 4.714270740118504222e+00 3.878300454704425704e+01
4.912805399588299871e+00 3.410841743538012061e+00 3.703448638822917616e+01
6.264464564309349726e+01 2.466884418654414191e+01 9.584776326586574413e+00
4.168821804628478134e+01 8.234621900014808205e+01 4.025116688861749026e+01
3.117088741396775475e+01 3.955915843285239930e+01 5.678394009832604183e+01
