1.877309320930055847e+01 1.935239427364759734e+01 2.250870931267485631e+01
2.979841913212475291e+01 1.355240183623863537e+01 1.292931450165905360e+01
2.666373609699124003e+01 3.303573442349681244e+01 2.075902202061986657e+01
4.012782327137694693e+01 4.242362985355816107e+01 3.566319537820585595e+01
1.241918682083777270e+01 2.882669448346534935e+01 2.218649098204558356e+01
1.561478162422788785e+01 2.329891270093245126e+01 2.176242409304927961e+01
4.022866683214596151e+01 3.943315751540563951e+01 4.084052617193855639e+01
9.935561024905293692e+00 7.100737638201425561e+00 4.123162523555325265e+01
1.123772097642634904e+01 3.772020205812386173e+00 4.109225454131326671e+01
6.448988623784723018e+01 3.665877687100127247e+01 1.813283625167878199e+01
5.791583751855279871e+01 7.492923991151198493e+01 5.931497545684437966e+01
3.974993031875585103e+01 4.550484909195571248e+01 6.183234542916827792e+01
