1.944423952560436319e+01 2.021148831820703506e+01 2.391907485179429216e+01
3.274821616645574096e+01 1.397089807392577043e+01 1.369161909164629876e+01
2.860684633090609097e+01 3.511122986716100769e+01 2.111644325960812552e+01
3.979245240509858661e+01 4.689376854327922928e+01 3.642081013126328060e+01
1.340937419558317067e+01 2.960764396714153435e+01 2.269050603379627162e+01
1.628422843631213723e+01 2.370239759691340353e+01 2.263269128810995667e+01
3.995880678955794707e+01 3.983655613432667053e+01 4.063144412923869453e+01
1.248274446763613277e+01 7.100737638201425561e+00 4.076173831524089763e+01
1.225502377168569268e+01 4.540419626227436112e+00 4.333395041529273328e+01
6.359920571620030927e+01 3.836982332275358942e+01 2.121521245474290396e+01
5.750121488789746849e+01 7.287241712305420549e+01 5.546676252157350007e+01
4.124674269346264310e+01 4.732470050004087625e+01 5.709822977207070949e+01
