1.779869076314417597e+01 1.898977357427035884e+01 2.380467201833653590e+01
3.225653081287352109e+01 1.572018246165020550e+01 1.579950494139233008e+01
3.671648014051630327e+01 3.040248327715588772e+01 2.321460976257639786e+01
3.796381576907553779e+01 4.099599106067697107e+01 3.456832546648786320e+01
1.781659365710513043e+01 3.318550447025678096e+01 2.731135410675272013e+01
1.737950713839722994e+01 2.307940518348600989e+01 3.319854364193536611e+01
3.820989726129716502e+01 3.776137438422860271e+01 3.991268905267876477e+01
1.309264017814550130e+01 9.030136760984357025e+00 3.912241450408426147e+01
1.225502377168569268e+01 6.728105587812002852e+00 3.980250212609578853e+01
6.446726360538667677e+01 4.458130887916764351e+01 2.441944129565227328e+01
5.602983014448932408e+01 7.926597825966724997e+01 5.482468377715736807e+01
4.616160194150286600e+01 4.933941150165789935e+01 6.055727412763874895e+01
