1.820652211625692729e+01 1.869935248078307666e+01 2.238100720730565030e+01
3.250970832647139019e+01 1.241731554897493162e+01 1.113437509812942317e+01
2.494400629175893513e+01 3.463342342049652700e+01 1.930091907353271452e+01
4.112081332560390479e+01 4.328659972265352707e+01 3.573709457252427768e+01
1.155598781171652512e+01 2.782802095127225783e+01 2.038762319198076867e+01
1.516958168625534320e+01 2.601539512666601794e+01 1.838759293054674515e+01
4.087409548404028925e+01 4.015709442927878570e+01 4.160885250303476823e+01
9.935561024905293692e+00 7.100737638201425561e+00 4.155436933721369286e+01
1.123772097642634904e+01 3.410841743538012061e+00 4.113852070487479295e+01
6.483616580793648154e+01 3.325651667506729581e+01 1.721868663919446263e+01
5.744484537514026101e+01 7.229063227611783304e+01 5.624329386868871694e+01
3.890680201692856599e+01 4.540774998853901678e+01 6.027691774483397325e+01
