1.719767369787569677e+01 1.735573911417778703e+01 1.943447135459304320e+01
2.989802242372628527e+01 1.539374761124635071e+01 1.515072354300489188e+01
2.961776329171524225e+01 3.034642432011938951e+01 2.230322232725678688e+01
3.703357567316716370e+01 4.192091848455457637e+01 3.505354499532951706e+01
1.530668552885911993e+01 3.482510272153259479e+01 2.380807271088402288e+01
1.683207593970055882e+01 2.285434716551166545e+01 3.267186677486881763e+01
3.780562006867614144e+01 3.742136269008010885e+01 3.928644707702051875e+01
1.309264017814550130e+01 7.761703679576332782e+00 3.906875762555605291e+01
1.225502377168569268e+01 5.336308760377851179e+00 4.112637201422651856e+01
6.595081532648879374e+01 4.379752366705574218e+01 2.243751780728503675e+01
5.605173603420508499e+01 7.857237528461520526e+01 5.353178985149476432e+01
4.391880412805298306e+01 4.875627386383320072e+01 5.827172253282061121e+01
