1.575684158286427383e+01 1.590716239595869474e+01 2.066043566683868349e+01
2.784529367959748924e+01 8.832659709694176797e+00 8.832805354254553265e+00
1.847472171809793196e+01 3.044176678546337911e+01 1.488973427243673697e+01
3.432398628536752483e+01 4.285280503077009229e+01 3.240053570185464338e+01
7.472043970699643545e+00 2.805899473056025428e+01 1.232614626216074782e+01
1.075397007775420022e+01 2.404068296391015025e+01 1.488868776541410810e+01
3.804649243152486804e+01 3.682536151718093009e+01 4.046614661290926307e+01
6.638540630641438511e+00 4.714270740118504222e+00 3.935954453238970530e+01
6.067773982608970051e+00 3.410841743538012061e+00 3.771288532993270337e+01
6.341828242238063496e+01 2.538688195317181595e+01 9.584776326586574413e+00
4.573235645032156071e+01 7.651884358263923502e+01 4.229483668403075569e+01
3.117088741396775475e+01 3.955915843285239930e+01 6.218448833085132321e+01
