1.636505733625410031e+01 1.719671312522106277e+01 1.885024898970553053e+01
3.090130463912210956e+01 9.222859364130307824e+00 9.941534015810743696e+00
2.082361219943767594e+01 3.315464699694350514e+01 1.646300426917213500e+01
3.853560281151045785e+01 4.301371177839817506e+01 3.422212145628164848e+01
9.537268721661792625e+00 2.824604353876328489e+01 1.632894425378744785e+01
1.305430960950207542e+01 2.353865926437592648e+01 1.583546904870763328e+01
3.933405661048030311e+01 3.847289941308878980e+01 4.073594655927730912e+01
6.638540630641438511e+00 6.858486800860249311e+00 4.069055925164952470e+01
7.206630303079828437e+00 3.410841743538012061e+00 3.961396009479388880e+01
6.661262368606354300e+01 2.875407507912875005e+01 1.404649708193724855e+01
5.081198064557847260e+01 7.952915939358840092e+01 4.832939175891232253e+01
3.475295738535536572e+01 4.228259798128848956e+01 6.003581625852753945e+01
