8.535642887085408859e+00 8.355972868888365213e+00 1.129302067522278819e+01
1.221556681959589952e+01 4.023861512409994567e+00 3.202098611681016838e+00
8.704007670058294011e+00 1.625870046062826191e+01 5.631933658669655784e+00
1.487803955454702276e+01 2.732801686722067913e+01 2.371611504352544486e+01
2.864634079870233663e+00 1.276712348655962792e+01 5.891521931666828138e+00
2.953319477813284966e+00 1.051615349785549469e+01 7.775016332185407109e+00
2.550448012871670045e+01 2.438565786290398307e+01 2.777013317433629425e+01
2.523780258181703928e+00 2.137395958700705645e+00 1.197663761066553434e+01
1.991786641341284803e+00 2.388707894588433245e+00 7.802126308751549111e+00
1.406640285388721878e+01 2.089734210746415854e+00 2.826629760766365074e+00
9.628404100470278948e+00 3.999939772276759697e+01 8.311243915610278421e+00
1.751833469779876395e+01 2.878120752531933135e+01 2.683732593650162812e+01
