1.863442929738320331e+01 1.931430103158323419e+01 2.271594863596481773e+01
3.097145790616350425e+01 1.342276025856278920e+01 1.260618471742263935e+01
2.625533024870916421e+01 3.292493808277013301e+01 2.075902202061986657e+01
4.034017366274416361e+01 4.600732671894143522e+01 3.575759081524134331e+01
1.241918682083777270e+01 3.149715291657230054e+01 2.149556105992273558e+01
1.553128479926242633e+01 2.360285197638922838e+01 2.128056569771006323e+01
4.008911960634271310e+01 3.966104752451219184e+01 4.327160557980134570e+01
9.935561024905293692e+00 7.100737638201425561e+00 4.117790964354742300e+01
1.123772097642634904e+01 3.772020205812386173e+00 4.105693550775138334e+01
6.438512190811884750e+01 3.612240354703021694e+01 1.766469520088875100e+01
5.791583751855279871e+01 7.682796693046182668e+01 5.931497545684437966e+01
3.974993031875585103e+01 4.550484909195571248e+01 5.864892144438960031e+01
