1.744330995565471554e+01 1.811113285498885972e+01 2.092324533913031814e+01
3.187203579202328996e+01 1.054381099565031121e+01 1.058114717683514883e+01
2.241471860569803098e+01 3.292611115382565146e+01 1.744983673075728703e+01
3.973292177563753569e+01 4.384195096596072716e+01 3.553525627728716785e+01
1.033698890187924135e+01 2.795457630765958257e+01 1.841987036984591342e+01
1.420857048646504239e+01 2.445719604534770397e+01 1.652574064978065138e+01
3.943110711155351567e+01 3.897921322384203791e+01 4.229101690775459588e+01
7.303620701285942651e+00 6.858486800860249311e+00 4.075324013985045468e+01
9.141364004564341172e+00 3.410841743538012061e+00 4.035070495525238954e+01
6.226703556816923424e+01 3.062889402399192562e+01 1.563933835247898685e+01
5.404982081302729569e+01 7.966444226853995758e+01 4.947628056223874182e+01
3.780276878196292500e+01 4.437943129950052423e+01 5.630995287388896031e+01
