1.762460692789186112e+01 1.814191428184147270e+01 2.148254546484722738e+01
3.135795664392044202e+01 1.191406699373045264e+01 1.058114717683514883e+01
2.319628152558761514e+01 3.420137749374003278e+01 1.792756096470005289e+01
3.951014986230021009e+01 4.444835935738485233e+01 3.559782919514989175e+01
1.076780502449987331e+01 3.091649519258756484e+01 1.943575662516901659e+01
1.455876755276248957e+01 2.321664714190596257e+01 1.719382621577791070e+01
3.991993485088315907e+01 3.912722810709311005e+01 4.266237801012429998e+01
7.303620701285942651e+00 6.858486800860249311e+00 4.095985940235545542e+01
1.020431810224165758e+01 3.410841743538012061e+00 4.025127495595371840e+01
6.561369667659290883e+01 3.206769005336921907e+01 1.617426124400569876e+01
5.550700040652955636e+01 7.871420360882416389e+01 5.154653253063585794e+01
3.789242778157965574e+01 4.491965764903964242e+01 6.046557005339938939e+01
