1.760495769731486604e+01 1.775872459688484284e+01 2.081309219780040465e+01
3.191495537777172231e+01 1.565104290260451592e+01 1.541690221761226098e+01
3.718264831118082725e+01 3.041583363476849655e+01 2.309452535830391184e+01
3.740750091272489186e+01 3.959716337220190496e+01 3.458159023895753137e+01
1.673744594115940387e+01 3.340708784723178582e+01 2.640572616047295895e+01
1.735747211533497136e+01 2.293744489857974500e+01 3.380170405570921588e+01
3.802011393137067330e+01 3.791801935911828281e+01 3.874624417931634213e+01
1.309264017814550130e+01 8.401014506414943739e+00 3.933180857492459381e+01
1.225502377168569268e+01 6.728105587812002852e+00 3.984210825470741213e+01
6.597921416234059677e+01 4.458130887916764351e+01 2.412002726376400119e+01
5.676272279777433027e+01 7.793514026490332469e+01 5.408212581096645266e+01
4.555368424655710413e+01 4.891965208961524070e+01 5.644764166136226891e+01
