1.719770049811347690e+01 1.734143761564675046e+01 2.017443590298105249e+01
2.915659713523050200e+01 1.539374761124635071e+01 1.515072354300489188e+01
3.236995752903885659e+01 2.951807280185849081e+01 2.220508925068365613e+01
3.706631720524878659e+01 4.080019614034102915e+01 3.456977107786429571e+01
1.560298379825411530e+01 3.474519739745399960e+01 2.409342847656872522e+01
1.708561454972020144e+01 2.285434716551166545e+01 3.276623712619725382e+01
3.740546331128003033e+01 3.733415185251205060e+01 3.875844602272118067e+01
1.309264017814550130e+01 7.761703679576332782e+00 3.907651863583868135e+01
1.225502377168569268e+01 5.336308760377851179e+00 4.055319051979162026e+01
6.641808702907171380e+01 4.379752366705574218e+01 2.243751780728503675e+01
5.638905057903711082e+01 7.380365682081702516e+01 5.307175195145350699e+01
4.391880412805298306e+01 4.875627386383320072e+01 6.238079154218137035e+01
