1.290013173860009665e+01 1.252126028506028987e+01 2.129637725818310656e+01
2.493841453168217015e+01 5.887037268754318653e+00 7.499995640891691018e+00
1.489768249059145688e+01 2.951594381229480746e+01 9.311995883722874012e+00
2.855993271528419086e+01 3.987984420694320420e+01 2.846738674182207518e+01
6.143322603659011172e+00 2.645121748722829480e+01 8.966563212345768363e+00
6.074961809328478068e+00 2.064550262191057683e+01 1.206936654088271865e+01
3.335273351819326848e+01 3.225999322228997102e+01 3.839022531115286796e+01
4.767511909326808350e+00 4.714270740118504222e+00 3.178196290084059328e+01
3.789494165293662675e+00 2.819670186724969163e+00 2.934421730406824480e+01
5.855443707917272178e+01 1.294611211849612609e+01 5.420070957008785939e+00
3.575723002506166637e+01 7.139051264848305323e+01 2.832394993016058393e+01
2.578935308013739558e+01 3.399610094169675278e+01 5.618837959518685210e+01
