1.768971275133067422e+01 1.819117644208510143e+01 2.009063078604090435e+01
3.143003470224369167e+01 1.225693424056702696e+01 1.075642853800864529e+01
2.426801018405424415e+01 3.346196742664684365e+01 1.858001036034124098e+01
4.026813364248582161e+01 4.410193798568748491e+01 3.579739380822867645e+01
1.111715007896187402e+01 3.048240868467088660e+01 1.984259596999189412e+01
1.455876755276248957e+01 2.345783212823413777e+01 1.763147590270174092e+01
4.042256729590530284e+01 3.978860673514223123e+01 4.232454598135736035e+01
8.659316755409243171e+00 7.100737638201425561e+00 4.122289786245431031e+01
1.020431810224165758e+01 3.410841743538012061e+00 4.058001460434679331e+01
6.525748089680946862e+01 3.206769005336921907e+01 1.622247098916917452e+01
5.573570677387007777e+01 7.871877096522720763e+01 5.288702485251562990e+01
3.837662828585797570e+01 4.517277862126094590e+01 6.163355253295258507e+01
