1.729549666748174630e+01 1.744795241173887490e+01 2.232922436032174218e+01
2.990500145027333900e+01 1.539374761124635071e+01 1.515072354300489188e+01
3.637209793650841050e+01 3.032475161349058013e+01 2.220508925068365613e+01
3.781776946066703715e+01 4.026599714168914090e+01 3.448403203042766307e+01
1.644836942581319761e+01 3.260250840290238017e+01 2.520179559984790529e+01
1.708561454972020144e+01 2.278054523293275935e+01 3.287755442673212514e+01
3.791867265543397991e+01 3.792091863626063741e+01 3.942149609852400971e+01
1.309264017814550130e+01 7.761703679576332782e+00 3.918559827866921808e+01
1.225502377168569268e+01 6.728105587812002852e+00 4.029255119348719916e+01
6.462559407393767685e+01 4.379752366705574218e+01 2.312103182016681657e+01
5.609346594454466839e+01 7.994799543971024036e+01 5.378263920566537593e+01
4.481392309834608767e+01 4.857386839638702014e+01 5.988205671927772755e+01
