1.500000000000000000e+02
3.000000000000000000e+02
4.500000000000000000e+02
6.000000000000000000e+02
7.500000000000000000e+02
9.000000000000000000e+02
1.050000000000000000e+03
1.200000000000000000e+03
1.350000000000000000e+03
1.500000000000000000e+03
1.650000000000000000e+03
1.800000000000000000e+03
1.950000000000000000e+03
2.100000000000000000e+03
2.169000000000000000e+03
2.263000000000000000e+03
2.413000000000000000e+03
2.563000000000000000e+03
2.713000000000000000e+03
2.863000000000000000e+03
3.009000000000000000e+03
3.109000000000000000e+03
3.259000000000000000e+03
3.409000000000000000e+03
3.559000000000000000e+03
3.709000000000000000e+03
3.859000000000000000e+03
4.009000000000000000e+03
4.159000000000000000e+03
4.309000000000000000e+03
4.437000000000000000e+03
4.535000000000000000e+03
4.685000000000000000e+03
4.835000000000000000e+03
4.985000000000000000e+03
5.135000000000000000e+03
5.285000000000000000e+03
5.435000000000000000e+03
5.585000000000000000e+03
5.667000000000000000e+03
5.817000000000000000e+03
5.967000000000000000e+03
6.117000000000000000e+03
6.223000000000000000e+03
6.373000000000000000e+03
6.457000000000000000e+03
6.545000000000000000e+03
6.658000000000000000e+03
6.705000000000000000e+03
6.764000000000000000e+03
6.862000000000000000e+03
6.932000000000000000e+03
6.998000000000000000e+03
7.048000000000000000e+03
7.081000000000000000e+03
7.177000000000000000e+03
7.233000000000000000e+03
7.358000000000000000e+03
7.425000000000000000e+03
7.575000000000000000e+03
7.686000000000000000e+03
7.807000000000000000e+03
7.889000000000000000e+03
7.922000000000000000e+03
8.072000000000000000e+03
8.138000000000000000e+03
8.288000000000000000e+03
8.406000000000000000e+03
8.469000000000000000e+03
8.532000000000000000e+03
8.598000000000000000e+03
8.635000000000000000e+03
8.736000000000000000e+03
8.782000000000000000e+03
8.905000000000000000e+03
8.948000000000000000e+03
9.029000000000000000e+03
9.089000000000000000e+03
9.160000000000000000e+03
9.310000000000000000e+03
9.383000000000000000e+03
9.449000000000000000e+03
9.517000000000000000e+03
9.615000000000000000e+03
9.694000000000000000e+03
9.773000000000000000e+03
9.923000000000000000e+03
9.985000000000000000e+03
1.006500000000000000e+04
1.010000000000000000e+04
1.025000000000000000e+04
1.029500000000000000e+04
1.038800000000000000e+04
1.046800000000000000e+04
1.049500000000000000e+04
1.057500000000000000e+04
1.066900000000000000e+04
1.075200000000000000e+04
1.082300000000000000e+04
1.092300000000000000e+04
1.103500000000000000e+04
1.112500000000000000e+04
1.119200000000000000e+04
1.122200000000000000e+04
1.131000000000000000e+04
1.137600000000000000e+04
1.141000000000000000e+04
1.151600000000000000e+04
1.166600000000000000e+04
1.172700000000000000e+04
1.187700000000000000e+04
1.195900000000000000e+04
1.200500000000000000e+04
1.210300000000000000e+04
1.215700000000000000e+04
1.224600000000000000e+04
1.234000000000000000e+04
1.241100000000000000e+04
1.250600000000000000e+04
1.257200000000000000e+04
1.264400000000000000e+04
1.271600000000000000e+04
1.280300000000000000e+04
1.287900000000000000e+04
1.292000000000000000e+04
1.303700000000000000e+04
1.310900000000000000e+04
1.325700000000000000e+04
1.332800000000000000e+04
1.338500000000000000e+04
1.353500000000000000e+04
1.357700000000000000e+04
1.363600000000000000e+04
1.376200000000000000e+04
1.383800000000000000e+04
1.398800000000000000e+04
1.409600000000000000e+04
1.419500000000000000e+04
1.423200000000000000e+04
1.427000000000000000e+04
1.430400000000000000e+04
1.434300000000000000e+04
1.446900000000000000e+04
1.455200000000000000e+04
1.464000000000000000e+04
1.466800000000000000e+04
1.471200000000000000e+04
1.486200000000000000e+04
1.492900000000000000e+04
1.497700000000000000e+04
1.512700000000000000e+04
1.516600000000000000e+04
1.522900000000000000e+04
1.527200000000000000e+04
1.540000000000000000e+04
1.544900000000000000e+04
1.550000000000000000e+04
1.555400000000000000e+04
1.559900000000000000e+04
1.564900000000000000e+04
1.570600000000000000e+04
1.576600000000000000e+04
1.583500000000000000e+04
1.591900000000000000e+04
1.606200000000000000e+04
1.621200000000000000e+04
1.627300000000000000e+04
1.630900000000000000e+04
1.637600000000000000e+04
1.647500000000000000e+04
1.652700000000000000e+04
1.658400000000000000e+04
1.662500000000000000e+04
1.666200000000000000e+04
1.673200000000000000e+04
1.677800000000000000e+04
1.683600000000000000e+04
1.688900000000000000e+04
1.698800000000000000e+04
1.704800000000000000e+04
1.719800000000000000e+04
1.724000000000000000e+04
1.734000000000000000e+04
1.737100000000000000e+04
1.750800000000000000e+04
1.755300000000000000e+04
1.759900000000000000e+04
1.763300000000000000e+04
1.767800000000000000e+04
1.772300000000000000e+04
1.777300000000000000e+04
1.782200000000000000e+04
1.789500000000000000e+04
1.795400000000000000e+04
1.799800000000000000e+04
1.804500000000000000e+04
1.808800000000000000e+04
1.811100000000000000e+04
1.824200000000000000e+04
1.827900000000000000e+04
1.835700000000000000e+04
1.840700000000000000e+04
1.847700000000000000e+04
1.851500000000000000e+04
1.855800000000000000e+04
1.859600000000000000e+04
1.871400000000000000e+04
1.886400000000000000e+04
1.892000000000000000e+04
1.894700000000000000e+04
1.899700000000000000e+04
1.903800000000000000e+04
1.907300000000000000e+04
1.911600000000000000e+04
1.921300000000000000e+04
1.925300000000000000e+04
1.927500000000000000e+04
1.938900000000000000e+04
1.943800000000000000e+04
1.949300000000000000e+04
1.952800000000000000e+04
1.959800000000000000e+04
1.962900000000000000e+04
1.966200000000000000e+04
1.981200000000000000e+04
1.988700000000000000e+04
1.993600000000000000e+04
1.999400000000000000e+04
2.006400000000000000e+04
2.011600000000000000e+04
2.025100000000000000e+04
2.029400000000000000e+04
2.031800000000000000e+04
2.035100000000000000e+04
2.038600000000000000e+04
2.042900000000000000e+04
2.046400000000000000e+04
2.051600000000000000e+04
2.061200000000000000e+04
2.076200000000000000e+04
2.079700000000000000e+04
2.082800000000000000e+04
2.089700000000000000e+04
2.095800000000000000e+04
2.100700000000000000e+04
2.105600000000000000e+04
2.110700000000000000e+04
2.125700000000000000e+04
2.129000000000000000e+04
2.134900000000000000e+04
2.139600000000000000e+04
2.142800000000000000e+04
2.144900000000000000e+04
2.149300000000000000e+04
2.152700000000000000e+04
2.156600000000000000e+04
2.170200000000000000e+04
2.173400000000000000e+04
2.178200000000000000e+04
2.186700000000000000e+04
2.201700000000000000e+04
2.209100000000000000e+04
2.214100000000000000e+04
2.222200000000000000e+04
2.228000000000000000e+04
2.242400000000000000e+04
2.248200000000000000e+04
2.250500000000000000e+04
2.257400000000000000e+04
2.262900000000000000e+04
2.266400000000000000e+04
2.271100000000000000e+04
2.276900000000000000e+04
2.281600000000000000e+04
2.286500000000000000e+04
2.290100000000000000e+04
2.297300000000000000e+04
2.302200000000000000e+04
2.315500000000000000e+04
2.326400000000000000e+04
2.341400000000000000e+04
2.343700000000000000e+04
2.347400000000000000e+04
2.352800000000000000e+04
2.356700000000000000e+04
2.364200000000000000e+04
2.367300000000000000e+04
2.372400000000000000e+04
2.379500000000000000e+04
2.383900000000000000e+04
2.398400000000000000e+04
2.407400000000000000e+04
2.413100000000000000e+04
2.419700000000000000e+04
2.424300000000000000e+04
2.430400000000000000e+04
2.436600000000000000e+04
2.439200000000000000e+04
2.441700000000000000e+04
2.451800000000000000e+04
2.456700000000000000e+04
2.469300000000000000e+04
2.475300000000000000e+04
2.480000000000000000e+04
2.482500000000000000e+04
2.487100000000000000e+04
2.490100000000000000e+04
2.497600000000000000e+04
2.504600000000000000e+04
2.506700000000000000e+04
2.510800000000000000e+04
2.514500000000000000e+04
2.520900000000000000e+04
2.524600000000000000e+04
2.530600000000000000e+04
2.537300000000000000e+04
2.542200000000000000e+04
2.557200000000000000e+04
2.563500000000000000e+04
2.568300000000000000e+04
2.579000000000000000e+04
2.584300000000000000e+04
2.592600000000000000e+04
2.597000000000000000e+04
2.604300000000000000e+04
2.612400000000000000e+04
2.618000000000000000e+04
2.624700000000000000e+04
2.629000000000000000e+04
2.632700000000000000e+04
2.635500000000000000e+04
2.639000000000000000e+04
2.647800000000000000e+04
2.650700000000000000e+04
2.653400000000000000e+04
2.656500000000000000e+04
2.668200000000000000e+04
2.675300000000000000e+04
2.679600000000000000e+04
2.694600000000000000e+04
2.700800000000000000e+04
2.704500000000000000e+04
2.708500000000000000e+04
2.715300000000000000e+04
2.728600000000000000e+04
2.733900000000000000e+04
2.742500000000000000e+04
2.748000000000000000e+04
2.749700000000000000e+04
2.753200000000000000e+04
2.759500000000000000e+04
2.768500000000000000e+04
2.773100000000000000e+04
2.777100000000000000e+04
2.787800000000000000e+04
2.792700000000000000e+04
2.797100000000000000e+04
2.804100000000000000e+04
2.809800000000000000e+04
2.817100000000000000e+04
2.824600000000000000e+04
2.832100000000000000e+04
2.837000000000000000e+04
2.846400000000000000e+04
2.850100000000000000e+04
2.862800000000000000e+04
2.868700000000000000e+04
2.873800000000000000e+04
2.876700000000000000e+04
2.880400000000000000e+04
2.885400000000000000e+04
2.888600000000000000e+04
2.895900000000000000e+04
2.902500000000000000e+04
2.904300000000000000e+04
2.911500000000000000e+04
2.922600000000000000e+04
2.931800000000000000e+04
2.935200000000000000e+04
2.939400000000000000e+04
2.942800000000000000e+04
2.957800000000000000e+04
2.961900000000000000e+04
2.965200000000000000e+04
2.972100000000000000e+04
2.976800000000000000e+04
2.981000000000000000e+04
2.986500000000000000e+04
2.990100000000000000e+04
2.997000000000000000e+04
3.005300000000000000e+04
3.009000000000000000e+04
3.016900000000000000e+04
3.021000000000000000e+04
3.031000000000000000e+04
3.037100000000000000e+04
3.040400000000000000e+04
3.047300000000000000e+04
3.051400000000000000e+04
3.062700000000000000e+04
3.064900000000000000e+04
3.067300000000000000e+04
3.072400000000000000e+04
3.080900000000000000e+04
3.086200000000000000e+04
3.092500000000000000e+04
3.096400000000000000e+04
3.099700000000000000e+04
3.104000000000000000e+04
3.111600000000000000e+04
3.126600000000000000e+04
3.141600000000000000e+04
3.146000000000000000e+04
3.154200000000000000e+04
3.161200000000000000e+04
3.168000000000000000e+04
3.170700000000000000e+04
3.173300000000000000e+04
3.180100000000000000e+04
3.186200000000000000e+04
3.192200000000000000e+04
3.199600000000000000e+04
3.204400000000000000e+04
3.209000000000000000e+04
3.214200000000000000e+04
3.221600000000000000e+04
3.234900000000000000e+04
3.246700000000000000e+04
3.254100000000000000e+04
3.262200000000000000e+04
3.266700000000000000e+04
3.272900000000000000e+04
3.280400000000000000e+04
3.287500000000000000e+04
3.296200000000000000e+04
3.300200000000000000e+04
3.310600000000000000e+04
3.319400000000000000e+04
3.324800000000000000e+04
3.332400000000000000e+04
3.343100000000000000e+04
3.349700000000000000e+04
3.354600000000000000e+04
3.358800000000000000e+04
3.363600000000000000e+04
3.368700000000000000e+04
3.377800000000000000e+04
3.380800000000000000e+04
3.386100000000000000e+04
3.390500000000000000e+04
3.395300000000000000e+04
3.400400000000000000e+04
3.405900000000000000e+04
3.409700000000000000e+04
3.416700000000000000e+04
3.423400000000000000e+04
3.431900000000000000e+04
3.435200000000000000e+04
3.437600000000000000e+04
3.444400000000000000e+04
3.453300000000000000e+04
3.460000000000000000e+04
3.463200000000000000e+04
3.475200000000000000e+04
3.479000000000000000e+04
3.483500000000000000e+04
3.490000000000000000e+04
3.494800000000000000e+04
3.499500000000000000e+04
3.503200000000000000e+04
3.512300000000000000e+04
3.518800000000000000e+04
3.526100000000000000e+04
3.536300000000000000e+04
3.543600000000000000e+04
3.546500000000000000e+04
3.551600000000000000e+04
3.555200000000000000e+04
3.560400000000000000e+04
3.562500000000000000e+04
3.567000000000000000e+04
3.571000000000000000e+04
3.576200000000000000e+04
3.579300000000000000e+04
3.585500000000000000e+04
3.589100000000000000e+04
3.591900000000000000e+04
3.596200000000000000e+04
3.600100000000000000e+04
3.602800000000000000e+04
3.607900000000000000e+04
3.610100000000000000e+04
3.625100000000000000e+04
3.630400000000000000e+04
3.634900000000000000e+04
3.640400000000000000e+04
3.646700000000000000e+04
3.654200000000000000e+04
3.659300000000000000e+04
3.662900000000000000e+04
3.673100000000000000e+04
3.676800000000000000e+04
3.681100000000000000e+04
3.686600000000000000e+04
3.691800000000000000e+04
3.695200000000000000e+04
3.700400000000000000e+04
3.705000000000000000e+04
3.709200000000000000e+04
3.713000000000000000e+04
3.719900000000000000e+04
3.723900000000000000e+04
3.726200000000000000e+04
3.727500000000000000e+04
3.730900000000000000e+04
3.734500000000000000e+04
3.741300000000000000e+04
3.745000000000000000e+04
3.749800000000000000e+04
3.756300000000000000e+04
3.760800000000000000e+04
3.764800000000000000e+04
3.773200000000000000e+04
3.778000000000000000e+04
3.782300000000000000e+04
3.784900000000000000e+04
3.790900000000000000e+04
3.795200000000000000e+04
3.798900000000000000e+04
3.803400000000000000e+04
3.808100000000000000e+04
3.814100000000000000e+04
3.818200000000000000e+04
3.822300000000000000e+04
3.824800000000000000e+04
3.828200000000000000e+04
3.837300000000000000e+04
3.846800000000000000e+04
3.852000000000000000e+04
3.857500000000000000e+04
3.864700000000000000e+04
3.869800000000000000e+04
3.873700000000000000e+04
3.888700000000000000e+04
3.903700000000000000e+04
3.907000000000000000e+04
3.909400000000000000e+04
3.914300000000000000e+04
3.919800000000000000e+04
3.934800000000000000e+04
3.940700000000000000e+04
3.943800000000000000e+04
3.946700000000000000e+04
3.954300000000000000e+04
3.959600000000000000e+04
3.964300000000000000e+04
3.969300000000000000e+04
3.973600000000000000e+04
3.984800000000000000e+04
3.988900000000000000e+04
3.991000000000000000e+04
3.993400000000000000e+04
3.997500000000000000e+04
4.005700000000000000e+04
4.009700000000000000e+04
4.024700000000000000e+04
4.028900000000000000e+04
4.036300000000000000e+04
4.040900000000000000e+04
4.046800000000000000e+04
4.051000000000000000e+04
4.055300000000000000e+04
4.060100000000000000e+04
4.065400000000000000e+04
4.075800000000000000e+04
4.082700000000000000e+04
4.086100000000000000e+04
4.090000000000000000e+04
4.097200000000000000e+04
4.099500000000000000e+04
4.103000000000000000e+04
4.110100000000000000e+04
4.116300000000000000e+04
4.120000000000000000e+04
4.126300000000000000e+04
4.131200000000000000e+04
4.137000000000000000e+04
4.144000000000000000e+04
4.150100000000000000e+04
4.154100000000000000e+04
4.157600000000000000e+04
4.165400000000000000e+04
4.174500000000000000e+04
4.178300000000000000e+04
4.183600000000000000e+04
4.187700000000000000e+04
4.192900000000000000e+04
4.196400000000000000e+04
4.199400000000000000e+04
4.201600000000000000e+04
4.205100000000000000e+04
4.209800000000000000e+04
4.213000000000000000e+04
4.218400000000000000e+04
4.223700000000000000e+04
4.227800000000000000e+04
4.231500000000000000e+04
4.238000000000000000e+04
4.243700000000000000e+04
4.249000000000000000e+04
4.254000000000000000e+04
4.263500000000000000e+04
4.268000000000000000e+04
4.270300000000000000e+04
4.275500000000000000e+04
4.285400000000000000e+04
4.287900000000000000e+04
4.290200000000000000e+04
4.296300000000000000e+04
4.305800000000000000e+04
4.310200000000000000e+04
4.314800000000000000e+04
4.322900000000000000e+04
4.332400000000000000e+04
4.334500000000000000e+04
4.349500000000000000e+04
4.355400000000000000e+04
4.364700000000000000e+04
4.368700000000000000e+04
4.380800000000000000e+04
4.384700000000000000e+04
4.390800000000000000e+04
4.395800000000000000e+04
4.409900000000000000e+04
4.415600000000000000e+04
4.420800000000000000e+04
4.423500000000000000e+04
4.427000000000000000e+04
4.430000000000000000e+04
4.435600000000000000e+04
4.438900000000000000e+04
4.443200000000000000e+04
4.447100000000000000e+04
4.449800000000000000e+04
4.453600000000000000e+04
4.457400000000000000e+04
4.461300000000000000e+04
4.468000000000000000e+04
4.473200000000000000e+04
4.477700000000000000e+04
4.482700000000000000e+04
4.490200000000000000e+04
4.495900000000000000e+04
4.499700000000000000e+04
4.504600000000000000e+04
4.514800000000000000e+04
4.521100000000000000e+04
4.524600000000000000e+04
4.534800000000000000e+04
4.542200000000000000e+04
4.546400000000000000e+04
4.550300000000000000e+04
4.557900000000000000e+04
4.564700000000000000e+04
4.569500000000000000e+04
4.577100000000000000e+04
4.582900000000000000e+04
4.586100000000000000e+04
4.591500000000000000e+04
4.601300000000000000e+04
4.605800000000000000e+04
4.611000000000000000e+04
4.614700000000000000e+04
4.620300000000000000e+04
4.629000000000000000e+04
4.633800000000000000e+04
4.637700000000000000e+04
4.640200000000000000e+04
4.647100000000000000e+04
4.651000000000000000e+04
4.656400000000000000e+04
4.659900000000000000e+04
4.662600000000000000e+04
4.667400000000000000e+04
4.674600000000000000e+04
4.678700000000000000e+04
4.683000000000000000e+04
4.685300000000000000e+04
4.688100000000000000e+04
4.697300000000000000e+04
4.702000000000000000e+04
4.711700000000000000e+04
4.717000000000000000e+04
4.722800000000000000e+04
4.737500000000000000e+04
4.745000000000000000e+04
4.751600000000000000e+04
4.756100000000000000e+04
4.763000000000000000e+04
4.766700000000000000e+04
4.772600000000000000e+04
4.776500000000000000e+04
4.780600000000000000e+04
4.784700000000000000e+04
4.788700000000000000e+04
4.791500000000000000e+04
4.794700000000000000e+04
4.802700000000000000e+04
4.806300000000000000e+04
4.815600000000000000e+04
4.822500000000000000e+04
4.828300000000000000e+04
4.832400000000000000e+04
4.838200000000000000e+04
4.846800000000000000e+04
4.851300000000000000e+04
4.854900000000000000e+04
4.859500000000000000e+04
4.867800000000000000e+04
4.879600000000000000e+04
4.884300000000000000e+04
4.886800000000000000e+04
4.893900000000000000e+04
4.899800000000000000e+04
4.905400000000000000e+04
4.917700000000000000e+04
4.921300000000000000e+04
4.935200000000000000e+04
4.947000000000000000e+04
4.950500000000000000e+04
4.955100000000000000e+04
4.960500000000000000e+04
4.967300000000000000e+04
4.972600000000000000e+04
4.976900000000000000e+04
4.981400000000000000e+04
4.984200000000000000e+04
4.988600000000000000e+04
4.992400000000000000e+04
4.997000000000000000e+04
5.003600000000000000e+04
5.007100000000000000e+04
5.010900000000000000e+04
5.014400000000000000e+04
5.021600000000000000e+04
5.028300000000000000e+04
5.032200000000000000e+04
5.047200000000000000e+04
5.052200000000000000e+04
5.056400000000000000e+04
5.061700000000000000e+04
5.064000000000000000e+04
5.075100000000000000e+04
5.090100000000000000e+04
5.094700000000000000e+04
5.099200000000000000e+04
5.103200000000000000e+04
5.105800000000000000e+04
5.111900000000000000e+04
5.126900000000000000e+04
5.130900000000000000e+04
5.135600000000000000e+04
5.150600000000000000e+04
5.155400000000000000e+04
5.161300000000000000e+04
5.165500000000000000e+04
5.167800000000000000e+04
5.175000000000000000e+04
5.181300000000000000e+04
5.186100000000000000e+04
5.193700000000000000e+04
5.198800000000000000e+04
5.204300000000000000e+04
5.213800000000000000e+04
5.219500000000000000e+04
5.224900000000000000e+04
5.233500000000000000e+04
5.239700000000000000e+04
5.245900000000000000e+04
5.250900000000000000e+04
5.256400000000000000e+04
5.260700000000000000e+04
5.267600000000000000e+04
5.275100000000000000e+04
5.284500000000000000e+04
5.296000000000000000e+04
5.301800000000000000e+04
5.306100000000000000e+04
5.307200000000000000e+04
5.314600000000000000e+04
5.318400000000000000e+04
5.324700000000000000e+04
5.332200000000000000e+04
5.343400000000000000e+04
5.346700000000000000e+04
5.349100000000000000e+04
5.352600000000000000e+04
5.359300000000000000e+04
5.369300000000000000e+04
5.374200000000000000e+04
5.377500000000000000e+04
5.390100000000000000e+04
5.395800000000000000e+04
5.402600000000000000e+04
5.410400000000000000e+04
5.412600000000000000e+04
5.418900000000000000e+04
5.421900000000000000e+04
5.427100000000000000e+04
5.432200000000000000e+04
5.437100000000000000e+04
5.443100000000000000e+04
5.445300000000000000e+04
5.447200000000000000e+04
5.451800000000000000e+04
5.458700000000000000e+04
5.464200000000000000e+04
5.467100000000000000e+04
5.472300000000000000e+04
5.477000000000000000e+04
5.481200000000000000e+04
5.486200000000000000e+04
5.491300000000000000e+04
5.499700000000000000e+04
5.509000000000000000e+04
5.513100000000000000e+04
5.519900000000000000e+04
5.532900000000000000e+04
5.540700000000000000e+04
5.544600000000000000e+04
5.547400000000000000e+04
5.553300000000000000e+04
5.556500000000000000e+04
5.563800000000000000e+04
5.576100000000000000e+04
5.579200000000000000e+04
5.583900000000000000e+04
5.589200000000000000e+04
5.593200000000000000e+04
5.598200000000000000e+04
5.603400000000000000e+04
5.609200000000000000e+04
5.616000000000000000e+04
5.621500000000000000e+04
5.626200000000000000e+04
5.631000000000000000e+04
5.640200000000000000e+04
5.655200000000000000e+04
5.660600000000000000e+04
5.666000000000000000e+04
5.669100000000000000e+04
5.678500000000000000e+04
5.681200000000000000e+04
5.689100000000000000e+04
5.693200000000000000e+04
5.696200000000000000e+04
5.700400000000000000e+04
5.703700000000000000e+04
5.707800000000000000e+04
5.713000000000000000e+04
5.715200000000000000e+04
5.724000000000000000e+04
5.731800000000000000e+04
5.735200000000000000e+04
5.740900000000000000e+04
5.745000000000000000e+04
5.749600000000000000e+04
5.756400000000000000e+04
5.762400000000000000e+04
5.766200000000000000e+04
5.773900000000000000e+04
5.776600000000000000e+04
5.782900000000000000e+04
5.790200000000000000e+04
5.794700000000000000e+04
5.797800000000000000e+04
5.800500000000000000e+04
5.805300000000000000e+04
5.809800000000000000e+04
5.817400000000000000e+04
5.825200000000000000e+04
5.830100000000000000e+04
5.834600000000000000e+04
5.837400000000000000e+04
5.841500000000000000e+04
5.846200000000000000e+04
5.852000000000000000e+04
5.855100000000000000e+04
5.858800000000000000e+04
5.864000000000000000e+04
5.867500000000000000e+04
5.871500000000000000e+04
5.881200000000000000e+04
5.885400000000000000e+04
5.890900000000000000e+04
5.892900000000000000e+04
5.896000000000000000e+04
5.900300000000000000e+04
5.907000000000000000e+04
5.909000000000000000e+04
5.912600000000000000e+04
5.917000000000000000e+04
5.923000000000000000e+04
5.927100000000000000e+04
5.933300000000000000e+04
5.938600000000000000e+04
5.944700000000000000e+04
5.946600000000000000e+04
5.952900000000000000e+04
5.963000000000000000e+04
5.970200000000000000e+04
5.977700000000000000e+04
5.988100000000000000e+04
5.992300000000000000e+04
5.997700000000000000e+04
6.003900000000000000e+04
6.010600000000000000e+04
6.019900000000000000e+04
6.028100000000000000e+04
6.032900000000000000e+04
6.040400000000000000e+04
6.046000000000000000e+04
6.050500000000000000e+04
6.057100000000000000e+04
6.062700000000000000e+04
6.068600000000000000e+04
6.077800000000000000e+04
6.084500000000000000e+04
6.091600000000000000e+04
6.101400000000000000e+04
6.110300000000000000e+04
6.115600000000000000e+04
6.119400000000000000e+04
6.126400000000000000e+04
6.130400000000000000e+04
6.139800000000000000e+04
6.145300000000000000e+04
6.150400000000000000e+04
6.158400000000000000e+04
6.160700000000000000e+04
6.168000000000000000e+04
6.172900000000000000e+04
6.179500000000000000e+04
6.187500000000000000e+04
6.193000000000000000e+04
6.199300000000000000e+04
6.205000000000000000e+04
6.220000000000000000e+04
6.224800000000000000e+04
6.231900000000000000e+04
6.236200000000000000e+04
6.239800000000000000e+04
6.245600000000000000e+04
6.251900000000000000e+04
6.254500000000000000e+04
6.259200000000000000e+04
6.263000000000000000e+04
6.270000000000000000e+04
6.275800000000000000e+04
6.277800000000000000e+04
6.281600000000000000e+04
6.286500000000000000e+04
6.291100000000000000e+04
6.295700000000000000e+04
6.307000000000000000e+04
6.313200000000000000e+04
6.317800000000000000e+04
6.322000000000000000e+04
6.330300000000000000e+04
6.333800000000000000e+04
6.342300000000000000e+04
6.344100000000000000e+04
6.353500000000000000e+04
6.364500000000000000e+04
6.367600000000000000e+04
6.371200000000000000e+04
6.374900000000000000e+04
6.382400000000000000e+04
6.387100000000000000e+04
6.393100000000000000e+04
6.397800000000000000e+04
6.405500000000000000e+04
6.409500000000000000e+04
6.411900000000000000e+04
6.415400000000000000e+04
6.419900000000000000e+04
6.428000000000000000e+04
6.432800000000000000e+04
6.439600000000000000e+04
6.446400000000000000e+04
6.455900000000000000e+04
6.462200000000000000e+04
6.466900000000000000e+04
6.470500000000000000e+04
6.474600000000000000e+04
6.477900000000000000e+04
6.481700000000000000e+04
6.489800000000000000e+04
6.493900000000000000e+04
6.498000000000000000e+04
6.503800000000000000e+04
6.508500000000000000e+04
6.516500000000000000e+04
6.526600000000000000e+04
6.530800000000000000e+04
6.539000000000000000e+04
6.542700000000000000e+04
6.546500000000000000e+04
6.553900000000000000e+04
6.561100000000000000e+04
6.567300000000000000e+04
6.570500000000000000e+04
6.576600000000000000e+04
6.581200000000000000e+04
6.585500000000000000e+04
6.587900000000000000e+04
6.594900000000000000e+04
6.598800000000000000e+04
6.603900000000000000e+04
6.608400000000000000e+04
6.615300000000000000e+04
6.622000000000000000e+04
6.626700000000000000e+04
6.637600000000000000e+04
6.643300000000000000e+04
6.648800000000000000e+04
6.654300000000000000e+04
6.669300000000000000e+04
6.676000000000000000e+04
6.681300000000000000e+04
6.684300000000000000e+04
6.691100000000000000e+04
6.693600000000000000e+04
6.697600000000000000e+04
6.703300000000000000e+04
6.709100000000000000e+04
6.715900000000000000e+04
6.719800000000000000e+04
6.725400000000000000e+04
6.730200000000000000e+04
6.737200000000000000e+04
6.740700000000000000e+04
6.743700000000000000e+04
6.752000000000000000e+04
6.767000000000000000e+04
6.770800000000000000e+04
6.779700000000000000e+04
6.788300000000000000e+04
6.796600000000000000e+04
6.800200000000000000e+04
6.804000000000000000e+04
6.806200000000000000e+04
6.809100000000000000e+04
6.813500000000000000e+04
6.818600000000000000e+04
6.824400000000000000e+04
6.830100000000000000e+04
6.834100000000000000e+04
6.837100000000000000e+04
6.840700000000000000e+04
6.845200000000000000e+04
6.853600000000000000e+04
6.857700000000000000e+04
6.860900000000000000e+04
6.867300000000000000e+04
6.871700000000000000e+04
6.873800000000000000e+04
6.878700000000000000e+04
6.882700000000000000e+04
6.885800000000000000e+04
6.893600000000000000e+04
6.901300000000000000e+04
6.905900000000000000e+04
6.911600000000000000e+04
6.915600000000000000e+04
6.919400000000000000e+04
6.923800000000000000e+04
6.928000000000000000e+04
6.931200000000000000e+04
6.936400000000000000e+04
6.943900000000000000e+04
6.948100000000000000e+04
6.951900000000000000e+04
6.955000000000000000e+04
6.960600000000000000e+04
6.966300000000000000e+04
6.973300000000000000e+04
6.977900000000000000e+04
6.990900000000000000e+04
6.996600000000000000e+04
7.001100000000000000e+04
7.008000000000000000e+04
7.012000000000000000e+04
7.023000000000000000e+04
7.024700000000000000e+04
7.027800000000000000e+04
7.033300000000000000e+04
7.047800000000000000e+04
7.054000000000000000e+04
7.067600000000000000e+04
7.072600000000000000e+04
7.076400000000000000e+04
7.081100000000000000e+04
7.085900000000000000e+04
7.090600000000000000e+04
7.102100000000000000e+04
7.117100000000000000e+04
7.122900000000000000e+04
7.128000000000000000e+04
7.131900000000000000e+04
7.136100000000000000e+04
7.139600000000000000e+04
7.141400000000000000e+04
7.145600000000000000e+04
7.151200000000000000e+04
7.152900000000000000e+04
7.160600000000000000e+04
7.165200000000000000e+04
7.168000000000000000e+04
7.170800000000000000e+04
7.175700000000000000e+04
7.180400000000000000e+04
7.183800000000000000e+04
7.190500000000000000e+04
7.192400000000000000e+04
7.195600000000000000e+04
7.197800000000000000e+04
7.207200000000000000e+04
7.212500000000000000e+04
7.217700000000000000e+04
7.230900000000000000e+04
7.237200000000000000e+04
7.240900000000000000e+04
7.244600000000000000e+04
7.252400000000000000e+04
7.257700000000000000e+04
7.262300000000000000e+04
7.267100000000000000e+04
7.271400000000000000e+04
7.274900000000000000e+04
7.289900000000000000e+04
7.296600000000000000e+04
7.301200000000000000e+04
7.308400000000000000e+04
7.313700000000000000e+04
7.318400000000000000e+04
7.324200000000000000e+04
7.326700000000000000e+04
7.330500000000000000e+04
7.335900000000000000e+04
7.338300000000000000e+04
7.342800000000000000e+04
7.348200000000000000e+04
7.357600000000000000e+04
7.363700000000000000e+04
7.368700000000000000e+04
7.374200000000000000e+04
7.383200000000000000e+04
7.386400000000000000e+04
7.391600000000000000e+04
7.398100000000000000e+04
7.403900000000000000e+04
7.408800000000000000e+04
7.413700000000000000e+04
7.420300000000000000e+04
7.426000000000000000e+04
7.429100000000000000e+04
7.432700000000000000e+04
7.436000000000000000e+04
7.443000000000000000e+04
7.455600000000000000e+04
7.464700000000000000e+04
7.469600000000000000e+04
7.475600000000000000e+04
7.483000000000000000e+04
7.492900000000000000e+04
7.495000000000000000e+04
7.499700000000000000e+04
7.508000000000000000e+04
7.510300000000000000e+04
7.511800000000000000e+04
7.516100000000000000e+04
7.523300000000000000e+04
7.527900000000000000e+04
7.534200000000000000e+04
7.538500000000000000e+04
7.542900000000000000e+04
7.546700000000000000e+04
7.549600000000000000e+04
7.553200000000000000e+04
7.568200000000000000e+04
7.573100000000000000e+04
7.578200000000000000e+04
7.582500000000000000e+04
7.586000000000000000e+04
7.594600000000000000e+04
7.597300000000000000e+04
7.603000000000000000e+04
7.607800000000000000e+04
7.612300000000000000e+04
7.616500000000000000e+04
7.621800000000000000e+04
7.636700000000000000e+04
7.641800000000000000e+04
7.649200000000000000e+04
7.654500000000000000e+04
7.659100000000000000e+04
7.661800000000000000e+04
7.667300000000000000e+04
7.671600000000000000e+04
7.679400000000000000e+04
7.683100000000000000e+04
7.692100000000000000e+04
7.698200000000000000e+04
7.702300000000000000e+04
7.704100000000000000e+04
7.707700000000000000e+04
7.711400000000000000e+04
7.715800000000000000e+04
7.719600000000000000e+04
7.725300000000000000e+04
7.735400000000000000e+04
7.739800000000000000e+04
7.747900000000000000e+04
7.754300000000000000e+04
7.765900000000000000e+04
7.768500000000000000e+04
7.780200000000000000e+04
7.787500000000000000e+04
7.792200000000000000e+04
7.797800000000000000e+04
7.805600000000000000e+04
7.809500000000000000e+04
7.814100000000000000e+04
7.817600000000000000e+04
7.822700000000000000e+04
7.829300000000000000e+04
7.833800000000000000e+04
7.842700000000000000e+04
7.846400000000000000e+04
7.859600000000000000e+04
7.864700000000000000e+04
7.871200000000000000e+04
7.880300000000000000e+04
7.884200000000000000e+04
7.893600000000000000e+04
7.902800000000000000e+04
7.908600000000000000e+04
7.915100000000000000e+04
7.918500000000000000e+04
7.925100000000000000e+04
7.933400000000000000e+04
7.945800000000000000e+04
7.955500000000000000e+04
7.964300000000000000e+04
7.969500000000000000e+04
7.977700000000000000e+04
7.982500000000000000e+04
7.992200000000000000e+04
7.999400000000000000e+04
8.004700000000000000e+04
8.009900000000000000e+04
8.013100000000000000e+04
8.021000000000000000e+04
8.033100000000000000e+04
8.039700000000000000e+04
8.045900000000000000e+04
8.050500000000000000e+04
8.054000000000000000e+04
8.061300000000000000e+04
8.064800000000000000e+04
8.068700000000000000e+04
8.072300000000000000e+04
8.075300000000000000e+04
8.079100000000000000e+04
8.084500000000000000e+04
8.088600000000000000e+04
8.092700000000000000e+04
8.103600000000000000e+04
8.106600000000000000e+04
8.113700000000000000e+04
8.121500000000000000e+04
8.125700000000000000e+04
8.129600000000000000e+04
8.132600000000000000e+04
8.137000000000000000e+04
8.140400000000000000e+04
8.144000000000000000e+04
8.148900000000000000e+04
8.160200000000000000e+04
8.166800000000000000e+04
8.171000000000000000e+04
8.173900000000000000e+04
8.180600000000000000e+04
8.185700000000000000e+04
8.200700000000000000e+04
8.215700000000000000e+04
8.221800000000000000e+04
8.226600000000000000e+04
8.232800000000000000e+04
8.241900000000000000e+04
8.253200000000000000e+04
8.257900000000000000e+04
8.263400000000000000e+04
8.268800000000000000e+04
8.272900000000000000e+04
8.282800000000000000e+04
8.289400000000000000e+04
8.294000000000000000e+04
8.299400000000000000e+04
8.302400000000000000e+04
8.311400000000000000e+04
8.321600000000000000e+04
8.325800000000000000e+04
8.333100000000000000e+04
8.337100000000000000e+04
8.341700000000000000e+04
8.344800000000000000e+04
8.351100000000000000e+04
8.353900000000000000e+04
8.359100000000000000e+04
8.362100000000000000e+04
8.366400000000000000e+04
8.381400000000000000e+04
8.385800000000000000e+04
8.388300000000000000e+04
8.395800000000000000e+04
8.401000000000000000e+04
8.402700000000000000e+04
8.409900000000000000e+04
8.424900000000000000e+04
8.431100000000000000e+04
8.435200000000000000e+04
8.443600000000000000e+04
8.447200000000000000e+04
8.453200000000000000e+04
8.459000000000000000e+04
8.462300000000000000e+04
8.465100000000000000e+04
8.471000000000000000e+04
8.473900000000000000e+04
8.477800000000000000e+04
8.484700000000000000e+04
8.493800000000000000e+04
8.496700000000000000e+04
8.497900000000000000e+04
8.502400000000000000e+04
8.509500000000000000e+04
8.521300000000000000e+04
8.528300000000000000e+04
8.534300000000000000e+04
8.538000000000000000e+04
8.553000000000000000e+04
8.568000000000000000e+04
8.575300000000000000e+04
8.578400000000000000e+04
8.582700000000000000e+04
8.597700000000000000e+04
8.603900000000000000e+04
8.608600000000000000e+04
8.612800000000000000e+04
8.616700000000000000e+04
8.619400000000000000e+04
8.624300000000000000e+04
8.628100000000000000e+04
8.632400000000000000e+04
8.640100000000000000e+04
8.643700000000000000e+04
8.658700000000000000e+04
8.672800000000000000e+04
8.677800000000000000e+04
8.681100000000000000e+04
8.689200000000000000e+04
8.692100000000000000e+04
8.705200000000000000e+04
8.717100000000000000e+04
8.725300000000000000e+04
8.729400000000000000e+04
8.735300000000000000e+04
8.738700000000000000e+04
8.743100000000000000e+04
8.746200000000000000e+04
8.749900000000000000e+04
8.755500000000000000e+04
8.757900000000000000e+04
8.763800000000000000e+04
8.778800000000000000e+04
8.783300000000000000e+04
8.786900000000000000e+04
8.790300000000000000e+04
8.793700000000000000e+04
8.798300000000000000e+04
8.801100000000000000e+04
8.808500000000000000e+04
8.813100000000000000e+04
8.820800000000000000e+04
8.826900000000000000e+04
8.834000000000000000e+04
8.836500000000000000e+04
8.842000000000000000e+04
8.844600000000000000e+04
8.851200000000000000e+04
8.853700000000000000e+04
8.860000000000000000e+04
8.862400000000000000e+04
8.865900000000000000e+04
8.873100000000000000e+04
8.877100000000000000e+04
8.879800000000000000e+04
8.883800000000000000e+04
8.889400000000000000e+04
8.894300000000000000e+04
8.897700000000000000e+04
8.903700000000000000e+04
8.906700000000000000e+04
8.909100000000000000e+04
8.913500000000000000e+04
8.921300000000000000e+04
8.930300000000000000e+04
8.939800000000000000e+04
8.947400000000000000e+04
8.955900000000000000e+04
8.960700000000000000e+04
8.966700000000000000e+04
8.981700000000000000e+04
8.987100000000000000e+04
8.988200000000000000e+04
8.992900000000000000e+04
8.998500000000000000e+04
8.999800000000000000e+04
9.005300000000000000e+04
9.014600000000000000e+04
9.019300000000000000e+04
9.023400000000000000e+04
9.027400000000000000e+04
9.031200000000000000e+04
9.046200000000000000e+04
9.049100000000000000e+04
9.053900000000000000e+04
9.057400000000000000e+04
9.062400000000000000e+04
9.073800000000000000e+04
9.079400000000000000e+04
9.088600000000000000e+04
9.092100000000000000e+04
9.097600000000000000e+04
9.101000000000000000e+04
9.105700000000000000e+04
9.111400000000000000e+04
9.115600000000000000e+04
9.119400000000000000e+04
9.132600000000000000e+04
9.136500000000000000e+04
9.140500000000000000e+04
9.144200000000000000e+04
9.153500000000000000e+04
9.159800000000000000e+04
9.165200000000000000e+04
9.171000000000000000e+04
9.177900000000000000e+04
9.180600000000000000e+04
9.184500000000000000e+04
9.187100000000000000e+04
9.193600000000000000e+04
9.197300000000000000e+04
9.202600000000000000e+04
9.214600000000000000e+04
9.218600000000000000e+04
9.229400000000000000e+04
9.233500000000000000e+04
9.238000000000000000e+04
9.244400000000000000e+04
9.247300000000000000e+04
9.255200000000000000e+04
9.259500000000000000e+04
9.262900000000000000e+04
9.266700000000000000e+04
9.272600000000000000e+04
9.277000000000000000e+04
9.279300000000000000e+04
9.283000000000000000e+04
9.290200000000000000e+04
9.294100000000000000e+04
9.299600000000000000e+04
9.303700000000000000e+04
9.308800000000000000e+04
9.312700000000000000e+04
9.319600000000000000e+04
9.322800000000000000e+04
9.328100000000000000e+04
9.332400000000000000e+04
9.335600000000000000e+04
9.341000000000000000e+04
9.343500000000000000e+04
9.348600000000000000e+04
9.353100000000000000e+04
9.357400000000000000e+04
9.363000000000000000e+04
9.369800000000000000e+04
9.379300000000000000e+04
9.382500000000000000e+04
9.387400000000000000e+04
9.390400000000000000e+04
9.401100000000000000e+04
9.406400000000000000e+04
9.410500000000000000e+04
9.417400000000000000e+04
9.422100000000000000e+04
9.437100000000000000e+04
9.442700000000000000e+04
9.444800000000000000e+04
9.450400000000000000e+04
9.455700000000000000e+04
9.462800000000000000e+04
9.465700000000000000e+04
9.468700000000000000e+04
9.470900000000000000e+04
9.474900000000000000e+04
9.480900000000000000e+04
9.495700000000000000e+04
9.500200000000000000e+04
9.505000000000000000e+04
9.508500000000000000e+04
9.512500000000000000e+04
9.516500000000000000e+04
9.520900000000000000e+04
9.524900000000000000e+04
9.532300000000000000e+04
9.547300000000000000e+04
9.549200000000000000e+04
9.553400000000000000e+04
9.557200000000000000e+04
9.559200000000000000e+04
9.573200000000000000e+04
9.585200000000000000e+04
9.591900000000000000e+04
9.599400000000000000e+04
9.604000000000000000e+04
9.608100000000000000e+04
9.613100000000000000e+04
9.618100000000000000e+04
9.625500000000000000e+04
9.627800000000000000e+04
9.637000000000000000e+04
9.641800000000000000e+04
9.647200000000000000e+04
9.662200000000000000e+04
9.668200000000000000e+04
9.670100000000000000e+04
9.674300000000000000e+04
9.678800000000000000e+04
9.684700000000000000e+04
9.693400000000000000e+04
9.699300000000000000e+04
9.706100000000000000e+04
9.711400000000000000e+04
9.717800000000000000e+04
9.721600000000000000e+04
9.736600000000000000e+04
9.745600000000000000e+04
9.749800000000000000e+04
9.753200000000000000e+04
9.759000000000000000e+04
9.767200000000000000e+04
9.775400000000000000e+04
9.778900000000000000e+04
9.786100000000000000e+04
9.791500000000000000e+04
9.805400000000000000e+04
9.810000000000000000e+04
9.814100000000000000e+04
9.818000000000000000e+04
9.820600000000000000e+04
9.824700000000000000e+04
9.828000000000000000e+04
9.832700000000000000e+04
9.836500000000000000e+04
9.841700000000000000e+04
9.846500000000000000e+04
9.848700000000000000e+04
9.852100000000000000e+04
9.856200000000000000e+04
9.860200000000000000e+04
9.863900000000000000e+04
9.869100000000000000e+04
9.873300000000000000e+04
9.878600000000000000e+04
9.881300000000000000e+04
9.887100000000000000e+04
9.891100000000000000e+04
9.893300000000000000e+04
9.898700000000000000e+04
9.903100000000000000e+04
9.910500000000000000e+04
9.918000000000000000e+04
9.920800000000000000e+04
9.923900000000000000e+04
9.928100000000000000e+04
9.933600000000000000e+04
9.937300000000000000e+04
9.941100000000000000e+04
9.949000000000000000e+04
9.953900000000000000e+04
9.959400000000000000e+04
9.965400000000000000e+04
9.972700000000000000e+04
9.987700000000000000e+04
9.992100000000000000e+04
