1.500000000000000000e+02
3.000000000000000000e+02
4.500000000000000000e+02
6.000000000000000000e+02
7.500000000000000000e+02
9.000000000000000000e+02
1.050000000000000000e+03
1.200000000000000000e+03
1.350000000000000000e+03
1.500000000000000000e+03
1.650000000000000000e+03
1.800000000000000000e+03
1.854000000000000000e+03
2.001000000000000000e+03
2.151000000000000000e+03
2.301000000000000000e+03
2.361000000000000000e+03
2.469000000000000000e+03
2.619000000000000000e+03
2.760000000000000000e+03
2.842000000000000000e+03
2.973000000000000000e+03
3.123000000000000000e+03
3.273000000000000000e+03
3.423000000000000000e+03
3.573000000000000000e+03
3.598000000000000000e+03
3.748000000000000000e+03
3.898000000000000000e+03
4.048000000000000000e+03
4.198000000000000000e+03
4.348000000000000000e+03
4.498000000000000000e+03
4.627000000000000000e+03
4.777000000000000000e+03
4.873000000000000000e+03
5.023000000000000000e+03
5.173000000000000000e+03
5.323000000000000000e+03
5.411000000000000000e+03
5.533000000000000000e+03
5.683000000000000000e+03
5.833000000000000000e+03
5.920000000000000000e+03
6.070000000000000000e+03
6.220000000000000000e+03
6.370000000000000000e+03
6.520000000000000000e+03
6.623000000000000000e+03
6.773000000000000000e+03
6.817000000000000000e+03
6.967000000000000000e+03
7.013000000000000000e+03
7.163000000000000000e+03
7.203000000000000000e+03
7.353000000000000000e+03
7.503000000000000000e+03
7.573000000000000000e+03
7.723000000000000000e+03
7.741000000000000000e+03
7.891000000000000000e+03
8.041000000000000000e+03
8.191000000000000000e+03
8.341000000000000000e+03
8.491000000000000000e+03
8.641000000000000000e+03
8.791000000000000000e+03
8.885000000000000000e+03
8.995000000000000000e+03
9.054000000000000000e+03
9.094000000000000000e+03
9.238000000000000000e+03
9.388000000000000000e+03
9.516000000000000000e+03
9.666000000000000000e+03
9.816000000000000000e+03
9.966000000000000000e+03
1.003400000000000000e+04
1.008300000000000000e+04
1.022800000000000000e+04
1.037800000000000000e+04
1.051700000000000000e+04
1.054300000000000000e+04
1.065000000000000000e+04
1.080000000000000000e+04
1.095000000000000000e+04
1.110000000000000000e+04
1.125000000000000000e+04
1.140000000000000000e+04
1.154000000000000000e+04
1.165500000000000000e+04
1.172400000000000000e+04
1.187400000000000000e+04
1.200800000000000000e+04
1.215800000000000000e+04
1.224800000000000000e+04
1.239800000000000000e+04
1.247300000000000000e+04
1.262300000000000000e+04
1.266600000000000000e+04
1.281600000000000000e+04
1.296600000000000000e+04
1.303200000000000000e+04
1.305800000000000000e+04
1.313400000000000000e+04
1.328400000000000000e+04
1.333300000000000000e+04
1.337800000000000000e+04
1.342800000000000000e+04
1.351400000000000000e+04
1.358700000000000000e+04
1.371300000000000000e+04
1.376900000000000000e+04
1.391900000000000000e+04
1.406200000000000000e+04
1.419200000000000000e+04
1.428800000000000000e+04
1.443800000000000000e+04
1.458800000000000000e+04
1.468100000000000000e+04
1.482400000000000000e+04
1.489600000000000000e+04
1.501600000000000000e+04
1.512000000000000000e+04
1.527000000000000000e+04
1.542000000000000000e+04
1.554700000000000000e+04
1.558800000000000000e+04
1.565200000000000000e+04
1.580200000000000000e+04
1.587700000000000000e+04
1.595000000000000000e+04
1.610000000000000000e+04
1.620700000000000000e+04
1.626300000000000000e+04
1.636500000000000000e+04
1.646600000000000000e+04
1.656400000000000000e+04
1.671400000000000000e+04
1.676000000000000000e+04
1.691000000000000000e+04
1.699600000000000000e+04
1.713300000000000000e+04
1.721500000000000000e+04
1.735700000000000000e+04
1.742900000000000000e+04
1.752800000000000000e+04
1.759000000000000000e+04
1.774000000000000000e+04
1.789000000000000000e+04
1.804000000000000000e+04
1.819000000000000000e+04
1.834000000000000000e+04
1.849000000000000000e+04
1.864000000000000000e+04
1.879000000000000000e+04
1.894000000000000000e+04
1.909000000000000000e+04
1.924000000000000000e+04
1.939000000000000000e+04
1.940500000000000000e+04
1.955500000000000000e+04
1.970500000000000000e+04
1.985500000000000000e+04
2.000500000000000000e+04
2.014800000000000000e+04
2.026600000000000000e+04
2.033300000000000000e+04
2.037200000000000000e+04
2.052200000000000000e+04
2.065100000000000000e+04
2.068300000000000000e+04
2.073700000000000000e+04
2.077100000000000000e+04
2.080900000000000000e+04
2.085500000000000000e+04
2.090000000000000000e+04
2.095100000000000000e+04
2.097300000000000000e+04
2.101700000000000000e+04
2.105100000000000000e+04
2.111200000000000000e+04
2.115700000000000000e+04
2.121900000000000000e+04
2.125900000000000000e+04
2.131300000000000000e+04
2.133100000000000000e+04
2.137000000000000000e+04
2.141200000000000000e+04
2.145500000000000000e+04
2.148800000000000000e+04
2.153400000000000000e+04
2.156200000000000000e+04
2.157900000000000000e+04
2.161700000000000000e+04
2.164900000000000000e+04
2.168900000000000000e+04
2.173900000000000000e+04
2.177700000000000000e+04
2.182000000000000000e+04
2.185300000000000000e+04
2.200300000000000000e+04
2.208200000000000000e+04
2.213300000000000000e+04
2.216100000000000000e+04
2.218600000000000000e+04
2.222800000000000000e+04
2.233300000000000000e+04
2.241300000000000000e+04
2.256300000000000000e+04
2.258200000000000000e+04
2.261600000000000000e+04
2.264900000000000000e+04
2.268500000000000000e+04
2.270900000000000000e+04
2.273600000000000000e+04
2.278000000000000000e+04
2.284100000000000000e+04
2.287300000000000000e+04
2.289800000000000000e+04
2.294700000000000000e+04
2.298300000000000000e+04
2.302300000000000000e+04
2.306600000000000000e+04
2.310000000000000000e+04
2.312300000000000000e+04
2.316700000000000000e+04
2.321500000000000000e+04
2.324600000000000000e+04
2.329500000000000000e+04
2.333800000000000000e+04
2.337000000000000000e+04
2.343200000000000000e+04
2.346800000000000000e+04
2.350800000000000000e+04
2.355800000000000000e+04
2.360800000000000000e+04
2.363900000000000000e+04
2.367700000000000000e+04
2.372300000000000000e+04
2.374900000000000000e+04
2.378300000000000000e+04
2.384100000000000000e+04
2.388700000000000000e+04
2.392200000000000000e+04
2.396100000000000000e+04
2.400000000000000000e+04
2.404000000000000000e+04
2.415400000000000000e+04
2.422700000000000000e+04
2.427800000000000000e+04
2.432600000000000000e+04
2.436200000000000000e+04
2.438800000000000000e+04
2.445200000000000000e+04
2.450100000000000000e+04
2.454600000000000000e+04
2.458000000000000000e+04
2.464000000000000000e+04
2.468900000000000000e+04
2.473600000000000000e+04
2.477100000000000000e+04
2.479900000000000000e+04
2.483000000000000000e+04
2.487000000000000000e+04
2.489400000000000000e+04
2.500000000000000000e+04
2.506200000000000000e+04
2.511700000000000000e+04
2.517100000000000000e+04
2.521700000000000000e+04
2.522800000000000000e+04
2.527700000000000000e+04
2.535500000000000000e+04
2.539900000000000000e+04
2.551300000000000000e+04
2.555800000000000000e+04
2.560100000000000000e+04
2.565500000000000000e+04
2.568600000000000000e+04
2.573000000000000000e+04
2.576200000000000000e+04
2.579800000000000000e+04
2.584300000000000000e+04
2.588000000000000000e+04
2.591500000000000000e+04
2.605300000000000000e+04
2.609000000000000000e+04
2.613700000000000000e+04
2.615600000000000000e+04
2.621100000000000000e+04
2.626800000000000000e+04
2.629600000000000000e+04
2.633200000000000000e+04
2.636400000000000000e+04
2.642900000000000000e+04
2.648600000000000000e+04
2.653000000000000000e+04
2.657200000000000000e+04
2.662300000000000000e+04
2.665900000000000000e+04
2.670500000000000000e+04
2.675200000000000000e+04
2.677800000000000000e+04
2.679200000000000000e+04
2.684600000000000000e+04
2.688300000000000000e+04
2.692400000000000000e+04
2.697600000000000000e+04
2.703100000000000000e+04
2.709700000000000000e+04
2.714300000000000000e+04
2.720600000000000000e+04
2.725200000000000000e+04
2.729000000000000000e+04
2.731800000000000000e+04
2.735500000000000000e+04
2.740100000000000000e+04
2.744000000000000000e+04
2.748200000000000000e+04
2.751400000000000000e+04
2.755300000000000000e+04
2.757800000000000000e+04
2.761900000000000000e+04
2.765700000000000000e+04
2.770000000000000000e+04
2.774200000000000000e+04
2.776400000000000000e+04
2.782800000000000000e+04
2.789700000000000000e+04
2.796600000000000000e+04
2.801800000000000000e+04
2.805600000000000000e+04
2.809700000000000000e+04
2.813300000000000000e+04
2.819300000000000000e+04
2.822400000000000000e+04
2.827200000000000000e+04
2.830800000000000000e+04
2.833900000000000000e+04
2.836000000000000000e+04
2.839300000000000000e+04
2.845200000000000000e+04
2.849200000000000000e+04
2.851600000000000000e+04
2.853600000000000000e+04
2.856700000000000000e+04
2.860900000000000000e+04
2.864000000000000000e+04
2.868400000000000000e+04
2.873900000000000000e+04
2.879300000000000000e+04
2.882800000000000000e+04
2.886900000000000000e+04
2.892100000000000000e+04
2.895500000000000000e+04
2.899600000000000000e+04
2.903000000000000000e+04
2.906400000000000000e+04
2.911100000000000000e+04
2.916000000000000000e+04
2.919900000000000000e+04
2.922100000000000000e+04
2.926600000000000000e+04
2.930700000000000000e+04
2.932700000000000000e+04
2.936700000000000000e+04
2.940300000000000000e+04
2.943800000000000000e+04
2.948000000000000000e+04
2.951500000000000000e+04
2.956500000000000000e+04
2.967900000000000000e+04
2.976300000000000000e+04
2.978800000000000000e+04
2.982300000000000000e+04
2.985200000000000000e+04
2.989400000000000000e+04
2.994500000000000000e+04
2.997600000000000000e+04
3.001700000000000000e+04
3.005100000000000000e+04
3.009200000000000000e+04
3.013800000000000000e+04
3.017800000000000000e+04
3.021000000000000000e+04
3.026200000000000000e+04
3.030600000000000000e+04
3.034300000000000000e+04
3.037000000000000000e+04
3.040400000000000000e+04
3.045100000000000000e+04
3.049200000000000000e+04
3.052700000000000000e+04
3.055400000000000000e+04
3.060700000000000000e+04
3.062700000000000000e+04
3.069200000000000000e+04
3.073700000000000000e+04
3.078400000000000000e+04
3.082200000000000000e+04
3.088600000000000000e+04
3.097800000000000000e+04
3.101800000000000000e+04
3.107200000000000000e+04
3.111400000000000000e+04
3.114600000000000000e+04
3.120900000000000000e+04
3.124400000000000000e+04
3.129000000000000000e+04
3.132000000000000000e+04
3.136300000000000000e+04
3.140900000000000000e+04
3.143400000000000000e+04
3.147200000000000000e+04
3.149700000000000000e+04
3.153700000000000000e+04
3.158000000000000000e+04
3.162400000000000000e+04
3.163600000000000000e+04
3.166600000000000000e+04
3.173400000000000000e+04
3.180600000000000000e+04
3.182900000000000000e+04
3.184700000000000000e+04
3.189700000000000000e+04
3.195100000000000000e+04
3.198600000000000000e+04
3.202200000000000000e+04
3.205900000000000000e+04
3.208700000000000000e+04
3.211900000000000000e+04
3.219700000000000000e+04
3.225000000000000000e+04
3.228800000000000000e+04
3.231600000000000000e+04
3.234600000000000000e+04
3.237600000000000000e+04
3.241200000000000000e+04
3.244900000000000000e+04
3.249400000000000000e+04
3.254800000000000000e+04
3.257800000000000000e+04
3.262300000000000000e+04
3.266500000000000000e+04
3.270700000000000000e+04
3.275600000000000000e+04
3.279100000000000000e+04
3.283600000000000000e+04
3.287000000000000000e+04
3.290700000000000000e+04
3.295600000000000000e+04
3.300000000000000000e+04
3.301600000000000000e+04
3.306600000000000000e+04
3.309800000000000000e+04
3.315100000000000000e+04
3.319400000000000000e+04
3.323600000000000000e+04
3.328200000000000000e+04
3.332000000000000000e+04
3.336800000000000000e+04
3.340500000000000000e+04
3.344800000000000000e+04
3.347300000000000000e+04
3.353400000000000000e+04
3.358100000000000000e+04
3.361700000000000000e+04
3.365400000000000000e+04
3.368700000000000000e+04
3.372600000000000000e+04
3.376000000000000000e+04
3.378400000000000000e+04
3.383800000000000000e+04
3.388600000000000000e+04
3.392200000000000000e+04
3.396300000000000000e+04
3.401800000000000000e+04
3.410000000000000000e+04
3.413600000000000000e+04
3.418400000000000000e+04
3.422600000000000000e+04
3.426200000000000000e+04
3.430600000000000000e+04
3.434700000000000000e+04
3.438500000000000000e+04
3.445300000000000000e+04
3.448700000000000000e+04
3.451600000000000000e+04
3.458100000000000000e+04
3.461300000000000000e+04
3.463900000000000000e+04
3.467500000000000000e+04
3.473400000000000000e+04
3.479900000000000000e+04
3.483800000000000000e+04
3.487400000000000000e+04
3.492900000000000000e+04
3.497100000000000000e+04
3.502600000000000000e+04
3.508900000000000000e+04
3.511000000000000000e+04
3.515400000000000000e+04
3.521000000000000000e+04
3.525800000000000000e+04
3.528000000000000000e+04
3.530000000000000000e+04
3.533700000000000000e+04
3.537600000000000000e+04
3.539800000000000000e+04
3.543600000000000000e+04
3.547100000000000000e+04
3.551400000000000000e+04
3.554600000000000000e+04
3.559500000000000000e+04
3.562800000000000000e+04
3.565800000000000000e+04
3.569700000000000000e+04
3.574300000000000000e+04
3.576600000000000000e+04
3.580100000000000000e+04
3.583600000000000000e+04
3.588300000000000000e+04
3.594200000000000000e+04
3.598600000000000000e+04
3.605800000000000000e+04
3.610300000000000000e+04
3.614200000000000000e+04
3.619500000000000000e+04
3.622900000000000000e+04
3.627800000000000000e+04
3.631300000000000000e+04
3.634400000000000000e+04
3.638900000000000000e+04
3.643700000000000000e+04
3.648000000000000000e+04
3.663000000000000000e+04
3.667000000000000000e+04
3.670200000000000000e+04
3.675700000000000000e+04
3.678400000000000000e+04
3.684400000000000000e+04
3.688400000000000000e+04
3.692400000000000000e+04
3.694000000000000000e+04
3.698600000000000000e+04
3.703200000000000000e+04
3.707300000000000000e+04
3.710500000000000000e+04
3.715000000000000000e+04
3.720600000000000000e+04
3.726400000000000000e+04
3.733100000000000000e+04
3.738000000000000000e+04
3.741500000000000000e+04
3.745400000000000000e+04
3.751000000000000000e+04
3.756200000000000000e+04
3.761800000000000000e+04
3.766000000000000000e+04
3.771100000000000000e+04
3.774000000000000000e+04
3.779500000000000000e+04
3.784600000000000000e+04
3.799600000000000000e+04
3.805500000000000000e+04
3.809400000000000000e+04
3.813600000000000000e+04
3.818900000000000000e+04
3.822300000000000000e+04
3.827100000000000000e+04
3.833300000000000000e+04
3.836600000000000000e+04
3.840200000000000000e+04
3.842600000000000000e+04
3.844700000000000000e+04
3.848800000000000000e+04
3.854200000000000000e+04
3.858900000000000000e+04
3.865000000000000000e+04
3.867400000000000000e+04
3.880700000000000000e+04
3.886300000000000000e+04
3.889400000000000000e+04
3.892400000000000000e+04
3.898100000000000000e+04
3.904200000000000000e+04
3.910200000000000000e+04
3.915300000000000000e+04
3.920000000000000000e+04
3.922000000000000000e+04
3.923500000000000000e+04
3.927500000000000000e+04
3.931000000000000000e+04
3.934600000000000000e+04
3.938400000000000000e+04
3.943400000000000000e+04
3.950700000000000000e+04
3.953200000000000000e+04
3.956700000000000000e+04
3.960600000000000000e+04
3.966200000000000000e+04
3.971100000000000000e+04
3.974900000000000000e+04
3.978700000000000000e+04
3.985200000000000000e+04
3.989900000000000000e+04
3.991100000000000000e+04
3.996500000000000000e+04
3.999600000000000000e+04
4.004200000000000000e+04
4.009300000000000000e+04
4.011500000000000000e+04
4.016800000000000000e+04
4.022400000000000000e+04
4.024800000000000000e+04
4.029400000000000000e+04
4.033900000000000000e+04
4.037300000000000000e+04
4.042600000000000000e+04
4.051400000000000000e+04
4.056400000000000000e+04
4.060800000000000000e+04
4.075800000000000000e+04
4.079600000000000000e+04
4.082400000000000000e+04
4.086500000000000000e+04
4.091100000000000000e+04
4.095600000000000000e+04
4.099800000000000000e+04
4.104800000000000000e+04
4.110100000000000000e+04
4.117200000000000000e+04
4.121700000000000000e+04
4.124300000000000000e+04
4.130500000000000000e+04
4.133600000000000000e+04
4.136400000000000000e+04
4.140800000000000000e+04
4.143500000000000000e+04
4.146800000000000000e+04
4.151600000000000000e+04
4.155800000000000000e+04
4.159900000000000000e+04
4.164300000000000000e+04
4.168700000000000000e+04
4.174400000000000000e+04
4.178700000000000000e+04
4.184300000000000000e+04
4.188900000000000000e+04
4.194300000000000000e+04
4.198100000000000000e+04
4.201800000000000000e+04
4.205600000000000000e+04
4.208700000000000000e+04
4.215200000000000000e+04
4.217100000000000000e+04
4.220100000000000000e+04
4.223400000000000000e+04
4.228100000000000000e+04
4.233700000000000000e+04
4.237800000000000000e+04
4.242000000000000000e+04
4.246100000000000000e+04
4.250200000000000000e+04
4.253500000000000000e+04
4.259800000000000000e+04
4.266500000000000000e+04
4.272900000000000000e+04
4.278000000000000000e+04
4.282900000000000000e+04
4.285600000000000000e+04
4.290500000000000000e+04
4.294800000000000000e+04
4.297400000000000000e+04
4.301500000000000000e+04
4.306000000000000000e+04
4.312000000000000000e+04
4.315200000000000000e+04
4.317700000000000000e+04
4.321600000000000000e+04
4.326100000000000000e+04
4.330300000000000000e+04
4.335300000000000000e+04
4.338800000000000000e+04
4.343900000000000000e+04
4.346700000000000000e+04
4.352800000000000000e+04
4.358000000000000000e+04
4.363100000000000000e+04
4.366300000000000000e+04
4.371000000000000000e+04
4.375500000000000000e+04
4.381700000000000000e+04
4.386100000000000000e+04
4.390000000000000000e+04
4.393800000000000000e+04
4.397900000000000000e+04
4.402200000000000000e+04
4.405800000000000000e+04
4.410400000000000000e+04
4.415100000000000000e+04
4.419300000000000000e+04
4.423800000000000000e+04
4.428000000000000000e+04
4.431600000000000000e+04
4.434700000000000000e+04
4.438900000000000000e+04
4.442300000000000000e+04
4.445200000000000000e+04
4.449000000000000000e+04
4.456300000000000000e+04
4.459300000000000000e+04
4.462300000000000000e+04
4.465000000000000000e+04
4.469700000000000000e+04
4.474100000000000000e+04
4.477400000000000000e+04
4.481600000000000000e+04
4.487200000000000000e+04
4.488500000000000000e+04
4.492400000000000000e+04
4.497200000000000000e+04
4.502200000000000000e+04
4.506400000000000000e+04
4.512000000000000000e+04
4.515900000000000000e+04
4.520400000000000000e+04
4.535400000000000000e+04
4.539000000000000000e+04
4.542300000000000000e+04
4.552200000000000000e+04
4.556400000000000000e+04
4.558400000000000000e+04
4.562500000000000000e+04
4.567000000000000000e+04
4.571300000000000000e+04
4.583500000000000000e+04
4.589700000000000000e+04
4.595300000000000000e+04
4.600400000000000000e+04
4.602700000000000000e+04
4.605400000000000000e+04
4.608900000000000000e+04
4.611300000000000000e+04
4.616400000000000000e+04
4.619700000000000000e+04
4.622200000000000000e+04
4.628400000000000000e+04
4.631500000000000000e+04
4.639300000000000000e+04
4.648500000000000000e+04
4.655000000000000000e+04
4.664300000000000000e+04
4.671000000000000000e+04
4.682000000000000000e+04
4.689100000000000000e+04
4.692900000000000000e+04
4.696500000000000000e+04
4.700400000000000000e+04
4.706700000000000000e+04
4.710300000000000000e+04
4.713100000000000000e+04
4.716900000000000000e+04
4.721300000000000000e+04
4.726200000000000000e+04
4.729000000000000000e+04
4.732700000000000000e+04
4.736700000000000000e+04
4.742200000000000000e+04
4.746600000000000000e+04
4.752200000000000000e+04
4.757100000000000000e+04
4.764100000000000000e+04
4.767000000000000000e+04
4.769600000000000000e+04
4.774500000000000000e+04
4.781600000000000000e+04
4.784100000000000000e+04
4.787000000000000000e+04
4.792000000000000000e+04
4.794400000000000000e+04
4.796900000000000000e+04
4.800100000000000000e+04
4.804500000000000000e+04
4.806800000000000000e+04
4.809900000000000000e+04
4.814500000000000000e+04
4.816000000000000000e+04
4.818800000000000000e+04
4.823600000000000000e+04
4.828500000000000000e+04
4.833700000000000000e+04
4.839200000000000000e+04
4.841900000000000000e+04
4.848300000000000000e+04
4.851100000000000000e+04
4.855300000000000000e+04
4.858900000000000000e+04
4.861900000000000000e+04
4.870100000000000000e+04
4.871900000000000000e+04
4.875900000000000000e+04
4.880400000000000000e+04
4.884300000000000000e+04
4.887800000000000000e+04
4.893000000000000000e+04
4.897200000000000000e+04
4.900900000000000000e+04
4.910300000000000000e+04
4.916000000000000000e+04
4.920600000000000000e+04
4.934700000000000000e+04
4.942800000000000000e+04
4.949400000000000000e+04
4.955600000000000000e+04
4.960200000000000000e+04
4.963800000000000000e+04
4.968600000000000000e+04
4.972700000000000000e+04
4.974500000000000000e+04
4.978000000000000000e+04
4.983900000000000000e+04
4.988300000000000000e+04
4.993000000000000000e+04
4.997400000000000000e+04
5.004200000000000000e+04
5.009000000000000000e+04
5.014700000000000000e+04
5.017900000000000000e+04
5.023200000000000000e+04
5.029000000000000000e+04
5.034700000000000000e+04
5.039800000000000000e+04
5.044600000000000000e+04
5.048600000000000000e+04
5.052800000000000000e+04
5.056900000000000000e+04
5.062700000000000000e+04
5.064900000000000000e+04
5.068500000000000000e+04
5.074700000000000000e+04
5.078200000000000000e+04
5.081600000000000000e+04
5.087600000000000000e+04
5.091800000000000000e+04
5.095300000000000000e+04
5.098000000000000000e+04
5.113000000000000000e+04
5.118000000000000000e+04
5.124200000000000000e+04
5.132000000000000000e+04
5.140400000000000000e+04
5.144400000000000000e+04
5.149300000000000000e+04
5.151700000000000000e+04
5.159100000000000000e+04
5.167600000000000000e+04
5.170700000000000000e+04
5.172500000000000000e+04
5.177500000000000000e+04
5.181900000000000000e+04
5.184900000000000000e+04
5.189500000000000000e+04
5.195000000000000000e+04
5.198200000000000000e+04
5.202500000000000000e+04
5.204000000000000000e+04
5.207200000000000000e+04
5.212800000000000000e+04
5.216400000000000000e+04
5.220300000000000000e+04
5.224200000000000000e+04
5.231200000000000000e+04
5.235700000000000000e+04
5.241400000000000000e+04
5.245900000000000000e+04
5.260900000000000000e+04
5.275900000000000000e+04
5.290900000000000000e+04
5.305900000000000000e+04
5.307700000000000000e+04
5.312000000000000000e+04
5.314700000000000000e+04
5.317900000000000000e+04
5.321800000000000000e+04
5.329000000000000000e+04
5.332300000000000000e+04
5.337200000000000000e+04
5.345600000000000000e+04
5.350900000000000000e+04
5.355100000000000000e+04
5.356800000000000000e+04
5.360400000000000000e+04
5.369400000000000000e+04
5.373000000000000000e+04
5.380400000000000000e+04
5.388800000000000000e+04
5.391200000000000000e+04
5.400700000000000000e+04
5.405700000000000000e+04
5.408400000000000000e+04
5.411200000000000000e+04
5.415100000000000000e+04
5.417200000000000000e+04
5.422500000000000000e+04
5.431700000000000000e+04
5.439400000000000000e+04
5.449800000000000000e+04
5.455100000000000000e+04
5.459400000000000000e+04
5.463300000000000000e+04
5.469900000000000000e+04
5.476800000000000000e+04
5.482600000000000000e+04
5.488300000000000000e+04
5.490500000000000000e+04
5.498200000000000000e+04
5.507800000000000000e+04
5.522800000000000000e+04
5.537800000000000000e+04
5.539900000000000000e+04
5.554900000000000000e+04
5.569900000000000000e+04
5.584900000000000000e+04
5.599900000000000000e+04
5.614900000000000000e+04
5.629900000000000000e+04
5.644900000000000000e+04
5.659900000000000000e+04
5.674900000000000000e+04
5.689900000000000000e+04
5.704900000000000000e+04
5.712400000000000000e+04
5.719200000000000000e+04
5.724200000000000000e+04
5.731700000000000000e+04
5.741100000000000000e+04
5.750600000000000000e+04
5.757800000000000000e+04
5.766100000000000000e+04
5.776500000000000000e+04
5.788300000000000000e+04
5.802100000000000000e+04
5.808900000000000000e+04
5.812900000000000000e+04
5.818300000000000000e+04
5.826200000000000000e+04
5.828900000000000000e+04
5.831400000000000000e+04
5.835600000000000000e+04
5.841300000000000000e+04
5.853300000000000000e+04
5.863000000000000000e+04
5.865700000000000000e+04
5.876400000000000000e+04
5.881000000000000000e+04
5.896000000000000000e+04
5.898000000000000000e+04
5.903000000000000000e+04
5.912100000000000000e+04
5.927100000000000000e+04
5.942100000000000000e+04
5.951300000000000000e+04
5.954800000000000000e+04
5.960200000000000000e+04
5.968400000000000000e+04
5.970600000000000000e+04
5.975900000000000000e+04
5.987500000000000000e+04
5.996300000000000000e+04
6.009300000000000000e+04
6.022200000000000000e+04
6.026900000000000000e+04
6.032200000000000000e+04
6.037400000000000000e+04
6.041300000000000000e+04
6.046900000000000000e+04
6.061900000000000000e+04
6.073700000000000000e+04
6.083400000000000000e+04
6.089300000000000000e+04
6.104300000000000000e+04
6.119300000000000000e+04
6.133300000000000000e+04
6.148300000000000000e+04
6.163300000000000000e+04
6.178300000000000000e+04
6.182800000000000000e+04
6.197800000000000000e+04
6.206700000000000000e+04
6.221700000000000000e+04
6.236700000000000000e+04
6.251700000000000000e+04
6.266700000000000000e+04
6.281700000000000000e+04
6.287800000000000000e+04
6.302800000000000000e+04
6.317800000000000000e+04
6.332800000000000000e+04
6.347800000000000000e+04
6.362800000000000000e+04
6.366100000000000000e+04
6.370000000000000000e+04
6.377000000000000000e+04
6.383300000000000000e+04
6.389900000000000000e+04
6.391600000000000000e+04
6.400500000000000000e+04
6.403000000000000000e+04
6.407200000000000000e+04
6.418100000000000000e+04
6.420600000000000000e+04
6.427600000000000000e+04
6.429400000000000000e+04
6.433400000000000000e+04
6.440600000000000000e+04
6.445500000000000000e+04
6.447800000000000000e+04
6.454000000000000000e+04
6.455100000000000000e+04
6.470100000000000000e+04
6.475500000000000000e+04
6.490500000000000000e+04
6.504500000000000000e+04
6.506100000000000000e+04
6.510000000000000000e+04
6.514700000000000000e+04
6.524500000000000000e+04
6.534900000000000000e+04
6.543800000000000000e+04
6.550700000000000000e+04
6.555700000000000000e+04
6.559600000000000000e+04
6.570800000000000000e+04
6.578400000000000000e+04
6.584100000000000000e+04
6.591200000000000000e+04
6.598300000000000000e+04
6.601900000000000000e+04
6.604500000000000000e+04
6.611900000000000000e+04
6.616000000000000000e+04
6.622000000000000000e+04
6.634900000000000000e+04
6.643300000000000000e+04
6.654800000000000000e+04
6.660100000000000000e+04
6.673800000000000000e+04
6.683400000000000000e+04
6.687700000000000000e+04
6.696300000000000000e+04
6.703500000000000000e+04
6.713300000000000000e+04
6.720800000000000000e+04
6.727400000000000000e+04
6.735400000000000000e+04
6.742200000000000000e+04
6.756700000000000000e+04
6.767000000000000000e+04
6.778200000000000000e+04
6.781900000000000000e+04
6.786100000000000000e+04
6.795000000000000000e+04
6.810000000000000000e+04
6.816400000000000000e+04
6.826000000000000000e+04
6.837700000000000000e+04
6.841700000000000000e+04
6.850200000000000000e+04
6.865200000000000000e+04
6.873800000000000000e+04
6.885800000000000000e+04
6.892000000000000000e+04
6.894800000000000000e+04
6.906400000000000000e+04
6.909900000000000000e+04
6.918900000000000000e+04
6.933100000000000000e+04
6.948100000000000000e+04
6.951000000000000000e+04
6.961600000000000000e+04
6.976600000000000000e+04
6.991600000000000000e+04
7.006600000000000000e+04
7.018000000000000000e+04
7.027900000000000000e+04
7.042900000000000000e+04
7.053700000000000000e+04
7.068700000000000000e+04
7.080800000000000000e+04
7.084500000000000000e+04
7.088400000000000000e+04
7.092000000000000000e+04
7.096600000000000000e+04
7.100900000000000000e+04
7.106800000000000000e+04
7.111700000000000000e+04
7.115800000000000000e+04
7.120700000000000000e+04
7.124300000000000000e+04
7.129100000000000000e+04
7.132000000000000000e+04
7.136200000000000000e+04
7.142100000000000000e+04
7.145700000000000000e+04
7.148900000000000000e+04
7.155600000000000000e+04
7.160100000000000000e+04
7.165600000000000000e+04
7.168800000000000000e+04
7.175300000000000000e+04
7.179000000000000000e+04
7.183300000000000000e+04
7.187500000000000000e+04
7.189200000000000000e+04
7.192600000000000000e+04
7.198700000000000000e+04
7.201900000000000000e+04
7.205900000000000000e+04
7.210200000000000000e+04
7.213200000000000000e+04
7.216800000000000000e+04
7.220900000000000000e+04
7.225200000000000000e+04
7.229100000000000000e+04
7.233600000000000000e+04
7.237000000000000000e+04
7.240400000000000000e+04
7.243300000000000000e+04
7.248400000000000000e+04
7.251400000000000000e+04
7.255000000000000000e+04
7.258100000000000000e+04
7.262200000000000000e+04
7.265300000000000000e+04
7.267600000000000000e+04
7.272800000000000000e+04
7.278700000000000000e+04
7.282800000000000000e+04
7.286500000000000000e+04
7.289900000000000000e+04
7.294400000000000000e+04
7.298700000000000000e+04
7.302700000000000000e+04
7.305300000000000000e+04
7.310700000000000000e+04
7.315700000000000000e+04
7.317300000000000000e+04
7.320400000000000000e+04
7.323400000000000000e+04
7.326900000000000000e+04
7.333400000000000000e+04
7.337900000000000000e+04
7.341800000000000000e+04
7.345100000000000000e+04
7.348900000000000000e+04
7.351900000000000000e+04
7.357600000000000000e+04
7.360900000000000000e+04
7.365200000000000000e+04
7.371400000000000000e+04
7.375500000000000000e+04
7.381300000000000000e+04
7.384800000000000000e+04
7.388800000000000000e+04
7.394700000000000000e+04
7.397800000000000000e+04
7.400600000000000000e+04
7.407500000000000000e+04
7.411900000000000000e+04
7.416000000000000000e+04
7.421100000000000000e+04
7.424300000000000000e+04
7.428400000000000000e+04
7.431000000000000000e+04
7.435400000000000000e+04
7.440700000000000000e+04
7.443100000000000000e+04
7.445400000000000000e+04
7.448200000000000000e+04
7.452000000000000000e+04
7.456400000000000000e+04
7.458100000000000000e+04
7.461300000000000000e+04
7.465700000000000000e+04
7.469200000000000000e+04
7.473900000000000000e+04
7.476100000000000000e+04
7.479900000000000000e+04
7.484200000000000000e+04
7.485600000000000000e+04
7.488800000000000000e+04
7.494000000000000000e+04
7.497200000000000000e+04
7.502700000000000000e+04
7.506900000000000000e+04
7.511400000000000000e+04
7.516000000000000000e+04
7.521000000000000000e+04
7.523900000000000000e+04
7.529300000000000000e+04
7.531500000000000000e+04
7.536000000000000000e+04
7.540700000000000000e+04
7.544400000000000000e+04
7.547900000000000000e+04
7.550700000000000000e+04
7.554100000000000000e+04
7.558600000000000000e+04
7.565300000000000000e+04
7.569200000000000000e+04
7.573000000000000000e+04
7.577300000000000000e+04
7.582100000000000000e+04
7.589600000000000000e+04
7.594700000000000000e+04
7.597700000000000000e+04
7.603600000000000000e+04
7.607300000000000000e+04
7.610400000000000000e+04
7.615100000000000000e+04
7.619700000000000000e+04
7.624300000000000000e+04
7.628900000000000000e+04
7.632400000000000000e+04
7.637600000000000000e+04
7.640400000000000000e+04
7.643600000000000000e+04
7.651400000000000000e+04
7.656200000000000000e+04
7.660000000000000000e+04
7.665000000000000000e+04
7.669300000000000000e+04
7.672800000000000000e+04
7.675800000000000000e+04
7.684300000000000000e+04
7.688400000000000000e+04
7.690400000000000000e+04
7.694300000000000000e+04
7.700300000000000000e+04
7.703900000000000000e+04
7.709700000000000000e+04
7.711500000000000000e+04
7.715600000000000000e+04
7.720700000000000000e+04
7.725200000000000000e+04
7.729200000000000000e+04
7.731500000000000000e+04
7.734500000000000000e+04
7.739100000000000000e+04
7.744500000000000000e+04
7.749200000000000000e+04
7.752100000000000000e+04
7.754700000000000000e+04
7.758400000000000000e+04
7.763500000000000000e+04
7.769200000000000000e+04
7.772300000000000000e+04
7.775100000000000000e+04
7.779700000000000000e+04
7.784600000000000000e+04
7.787900000000000000e+04
7.791200000000000000e+04
7.793800000000000000e+04
7.797600000000000000e+04
7.804100000000000000e+04
7.807900000000000000e+04
7.810000000000000000e+04
7.813300000000000000e+04
7.818400000000000000e+04
7.821900000000000000e+04
7.824400000000000000e+04
7.827200000000000000e+04
7.831000000000000000e+04
7.834700000000000000e+04
7.837500000000000000e+04
7.842400000000000000e+04
7.845300000000000000e+04
7.849100000000000000e+04
7.853400000000000000e+04
7.856500000000000000e+04
7.861200000000000000e+04
7.866100000000000000e+04
7.868800000000000000e+04
7.872800000000000000e+04
7.877300000000000000e+04
7.882500000000000000e+04
7.886600000000000000e+04
7.890000000000000000e+04
7.898200000000000000e+04
7.902700000000000000e+04
7.905800000000000000e+04
7.908200000000000000e+04
7.911600000000000000e+04
7.916700000000000000e+04
7.921700000000000000e+04
7.927200000000000000e+04
7.930100000000000000e+04
7.933400000000000000e+04
7.935800000000000000e+04
7.939600000000000000e+04
7.944400000000000000e+04
7.952200000000000000e+04
7.955900000000000000e+04
7.960800000000000000e+04
7.964900000000000000e+04
7.968600000000000000e+04
7.973800000000000000e+04
7.982000000000000000e+04
7.985300000000000000e+04
7.990200000000000000e+04
7.994800000000000000e+04
7.998200000000000000e+04
8.002000000000000000e+04
8.006100000000000000e+04
8.010700000000000000e+04
8.015100000000000000e+04
8.020300000000000000e+04
8.023800000000000000e+04
8.027400000000000000e+04
8.030200000000000000e+04
8.036100000000000000e+04
8.041600000000000000e+04
8.047100000000000000e+04
8.050900000000000000e+04
8.055500000000000000e+04
8.057500000000000000e+04
8.066000000000000000e+04
8.069100000000000000e+04
8.074600000000000000e+04
8.078600000000000000e+04
8.082300000000000000e+04
8.084200000000000000e+04
8.087600000000000000e+04
8.092600000000000000e+04
8.095400000000000000e+04
8.098500000000000000e+04
8.102100000000000000e+04
8.105800000000000000e+04
8.109400000000000000e+04
8.113300000000000000e+04
8.118500000000000000e+04
8.121900000000000000e+04
8.125900000000000000e+04
8.129500000000000000e+04
8.132400000000000000e+04
8.137100000000000000e+04
8.142200000000000000e+04
8.145600000000000000e+04
8.152800000000000000e+04
8.157800000000000000e+04
8.163900000000000000e+04
8.167300000000000000e+04
8.169700000000000000e+04
8.173900000000000000e+04
8.178200000000000000e+04
8.183100000000000000e+04
8.188100000000000000e+04
8.192600000000000000e+04
8.196400000000000000e+04
8.201000000000000000e+04
8.206100000000000000e+04
8.209200000000000000e+04
8.217800000000000000e+04
8.222800000000000000e+04
8.226600000000000000e+04
8.230900000000000000e+04
8.234900000000000000e+04
8.240400000000000000e+04
8.244100000000000000e+04
8.250100000000000000e+04
8.253200000000000000e+04
8.254900000000000000e+04
8.259700000000000000e+04
8.262700000000000000e+04
8.265300000000000000e+04
8.269800000000000000e+04
8.274200000000000000e+04
8.278900000000000000e+04
8.283600000000000000e+04
8.286000000000000000e+04
8.287900000000000000e+04
8.290900000000000000e+04
8.295100000000000000e+04
8.300200000000000000e+04
8.302200000000000000e+04
8.306900000000000000e+04
8.312500000000000000e+04
8.315100000000000000e+04
8.319500000000000000e+04
8.323100000000000000e+04
8.329600000000000000e+04
8.334100000000000000e+04
8.340600000000000000e+04
8.345000000000000000e+04
8.352100000000000000e+04
8.360200000000000000e+04
8.363900000000000000e+04
8.367800000000000000e+04
8.378200000000000000e+04
8.382800000000000000e+04
8.385100000000000000e+04
8.388500000000000000e+04
8.391900000000000000e+04
8.395900000000000000e+04
8.399300000000000000e+04
8.403000000000000000e+04
8.408300000000000000e+04
8.412200000000000000e+04
8.417700000000000000e+04
8.421200000000000000e+04
8.423200000000000000e+04
8.425500000000000000e+04
8.431500000000000000e+04
8.436400000000000000e+04
8.441200000000000000e+04
8.445600000000000000e+04
8.449900000000000000e+04
8.452800000000000000e+04
8.458500000000000000e+04
8.463100000000000000e+04
8.466000000000000000e+04
8.469700000000000000e+04
8.475600000000000000e+04
8.484400000000000000e+04
8.493800000000000000e+04
8.502700000000000000e+04
8.513600000000000000e+04
8.522300000000000000e+04
8.531200000000000000e+04
8.539800000000000000e+04
8.554800000000000000e+04
8.567500000000000000e+04
8.575000000000000000e+04
8.581700000000000000e+04
8.589100000000000000e+04
8.594300000000000000e+04
8.598600000000000000e+04
8.605400000000000000e+04
8.611500000000000000e+04
8.619300000000000000e+04
8.621800000000000000e+04
8.632000000000000000e+04
8.636600000000000000e+04
8.642200000000000000e+04
8.647300000000000000e+04
8.651800000000000000e+04
8.656700000000000000e+04
8.667800000000000000e+04
8.669300000000000000e+04
8.672700000000000000e+04
8.675700000000000000e+04
8.679800000000000000e+04
8.685600000000000000e+04
8.694000000000000000e+04
8.699100000000000000e+04
8.703500000000000000e+04
8.705700000000000000e+04
8.708500000000000000e+04
8.713000000000000000e+04
8.718100000000000000e+04
8.723700000000000000e+04
8.726900000000000000e+04
8.736800000000000000e+04
8.739800000000000000e+04
8.744300000000000000e+04
8.749600000000000000e+04
8.754100000000000000e+04
8.757800000000000000e+04
8.760400000000000000e+04
8.765000000000000000e+04
8.767100000000000000e+04
8.774500000000000000e+04
8.778900000000000000e+04
8.784400000000000000e+04
8.787700000000000000e+04
8.792400000000000000e+04
8.796800000000000000e+04
8.804900000000000000e+04
8.808600000000000000e+04
8.811800000000000000e+04
8.818000000000000000e+04
8.823300000000000000e+04
8.827100000000000000e+04
8.831700000000000000e+04
8.836700000000000000e+04
8.841400000000000000e+04
8.847000000000000000e+04
8.850100000000000000e+04
8.853900000000000000e+04
8.857200000000000000e+04
8.866300000000000000e+04
8.870200000000000000e+04
8.872800000000000000e+04
8.876500000000000000e+04
8.884800000000000000e+04
8.891700000000000000e+04
8.896000000000000000e+04
8.900000000000000000e+04
8.905700000000000000e+04
8.909000000000000000e+04
8.913500000000000000e+04
8.919300000000000000e+04
8.923700000000000000e+04
8.927900000000000000e+04
8.931600000000000000e+04
8.935700000000000000e+04
8.950700000000000000e+04
8.954500000000000000e+04
8.958000000000000000e+04
8.965500000000000000e+04
8.970300000000000000e+04
8.974400000000000000e+04
8.977300000000000000e+04
8.981400000000000000e+04
8.985500000000000000e+04
8.989000000000000000e+04
8.993300000000000000e+04
8.996200000000000000e+04
9.001200000000000000e+04
9.006000000000000000e+04
9.009900000000000000e+04
9.014500000000000000e+04
9.018800000000000000e+04
9.023900000000000000e+04
9.028600000000000000e+04
9.033900000000000000e+04
9.038200000000000000e+04
9.044200000000000000e+04
9.050000000000000000e+04
9.055200000000000000e+04
9.061000000000000000e+04
9.065600000000000000e+04
9.068900000000000000e+04
9.070900000000000000e+04
9.073800000000000000e+04
9.078000000000000000e+04
9.081400000000000000e+04
9.086200000000000000e+04
9.090700000000000000e+04
9.094000000000000000e+04
9.099500000000000000e+04
9.102200000000000000e+04
9.108300000000000000e+04
9.113600000000000000e+04
9.116500000000000000e+04
9.119400000000000000e+04
9.121200000000000000e+04
9.126400000000000000e+04
9.133100000000000000e+04
9.137400000000000000e+04
9.143700000000000000e+04
9.146700000000000000e+04
9.150600000000000000e+04
9.153800000000000000e+04
9.159200000000000000e+04
9.161900000000000000e+04
9.164100000000000000e+04
9.170400000000000000e+04
9.173900000000000000e+04
9.179400000000000000e+04
9.182400000000000000e+04
9.185900000000000000e+04
9.191000000000000000e+04
9.206000000000000000e+04
9.219100000000000000e+04
9.221400000000000000e+04
9.225900000000000000e+04
9.229000000000000000e+04
9.230600000000000000e+04
9.234400000000000000e+04
9.236300000000000000e+04
9.240400000000000000e+04
9.250200000000000000e+04
9.254500000000000000e+04
9.263700000000000000e+04
9.268200000000000000e+04
9.270300000000000000e+04
9.274300000000000000e+04
9.276900000000000000e+04
9.283600000000000000e+04
9.287400000000000000e+04
9.291400000000000000e+04
9.295300000000000000e+04
9.310300000000000000e+04
9.316400000000000000e+04
9.331400000000000000e+04
9.340600000000000000e+04
9.349400000000000000e+04
9.352800000000000000e+04
9.360100000000000000e+04
9.366800000000000000e+04
9.373700000000000000e+04
9.378600000000000000e+04
9.383500000000000000e+04
9.388200000000000000e+04
9.395700000000000000e+04
9.398200000000000000e+04
9.401600000000000000e+04
9.406200000000000000e+04
9.411900000000000000e+04
9.419100000000000000e+04
9.423300000000000000e+04
9.426700000000000000e+04
9.430900000000000000e+04
9.435100000000000000e+04
9.438500000000000000e+04
9.442200000000000000e+04
9.445600000000000000e+04
9.448800000000000000e+04
9.452400000000000000e+04
9.455700000000000000e+04
9.461400000000000000e+04
9.464500000000000000e+04
9.473100000000000000e+04
9.475000000000000000e+04
9.485100000000000000e+04
9.490400000000000000e+04
9.494800000000000000e+04
9.499400000000000000e+04
9.504000000000000000e+04
9.506400000000000000e+04
9.510900000000000000e+04
9.514500000000000000e+04
9.517600000000000000e+04
9.520900000000000000e+04
9.524700000000000000e+04
9.533300000000000000e+04
9.536600000000000000e+04
9.540900000000000000e+04
9.544700000000000000e+04
9.549900000000000000e+04
9.553100000000000000e+04
9.555900000000000000e+04
9.560400000000000000e+04
9.563200000000000000e+04
9.567700000000000000e+04
9.575100000000000000e+04
9.590100000000000000e+04
9.592900000000000000e+04
9.599100000000000000e+04
9.602700000000000000e+04
9.604900000000000000e+04
9.609400000000000000e+04
9.613600000000000000e+04
9.616400000000000000e+04
9.622800000000000000e+04
9.626300000000000000e+04
9.631100000000000000e+04
9.635400000000000000e+04
9.637900000000000000e+04
9.641200000000000000e+04
9.645900000000000000e+04
9.650900000000000000e+04
9.656700000000000000e+04
9.660300000000000000e+04
9.669900000000000000e+04
9.673500000000000000e+04
9.681200000000000000e+04
9.684800000000000000e+04
9.688200000000000000e+04
9.694700000000000000e+04
9.698900000000000000e+04
9.701700000000000000e+04
9.706500000000000000e+04
9.709800000000000000e+04
9.713500000000000000e+04
9.716200000000000000e+04
9.720400000000000000e+04
9.722800000000000000e+04
9.726500000000000000e+04
9.730200000000000000e+04
9.735000000000000000e+04
9.739000000000000000e+04
9.741700000000000000e+04
9.745000000000000000e+04
9.748100000000000000e+04
9.752800000000000000e+04
9.757300000000000000e+04
9.760900000000000000e+04
9.766700000000000000e+04
9.772300000000000000e+04
9.778200000000000000e+04
9.781600000000000000e+04
9.785600000000000000e+04
9.788600000000000000e+04
9.790200000000000000e+04
9.795000000000000000e+04
9.798100000000000000e+04
9.802500000000000000e+04
9.808700000000000000e+04
9.811000000000000000e+04
9.814200000000000000e+04
9.818900000000000000e+04
9.821700000000000000e+04
9.825900000000000000e+04
9.829700000000000000e+04
9.830800000000000000e+04
9.835500000000000000e+04
9.839400000000000000e+04
9.843800000000000000e+04
9.848500000000000000e+04
9.852300000000000000e+04
9.856600000000000000e+04
9.860100000000000000e+04
9.864000000000000000e+04
9.867200000000000000e+04
9.870200000000000000e+04
9.874100000000000000e+04
9.877200000000000000e+04
9.880200000000000000e+04
9.883900000000000000e+04
9.892900000000000000e+04
9.898000000000000000e+04
9.903200000000000000e+04
9.909400000000000000e+04
9.913400000000000000e+04
9.916400000000000000e+04
9.919200000000000000e+04
9.925400000000000000e+04
9.929100000000000000e+04
9.932000000000000000e+04
9.935500000000000000e+04
9.941300000000000000e+04
9.945700000000000000e+04
9.953300000000000000e+04
9.957900000000000000e+04
9.960600000000000000e+04
9.964200000000000000e+04
9.968900000000000000e+04
9.971300000000000000e+04
9.977500000000000000e+04
9.982500000000000000e+04
9.986500000000000000e+04
9.990000000000000000e+04
9.994800000000000000e+04
9.996700000000000000e+04
