5.000000000000000000e+02
1.000000000000000000e+03
1.500000000000000000e+03
2.000000000000000000e+03
2.500000000000000000e+03
3.000000000000000000e+03
3.500000000000000000e+03
4.000000000000000000e+03
4.444000000000000000e+03
4.944000000000000000e+03
5.444000000000000000e+03
5.944000000000000000e+03
6.444000000000000000e+03
6.944000000000000000e+03
7.444000000000000000e+03
7.944000000000000000e+03
8.444000000000000000e+03
8.937000000000000000e+03
9.394000000000000000e+03
9.894000000000000000e+03
1.017000000000000000e+04
1.063500000000000000e+04
1.101100000000000000e+04
1.132400000000000000e+04
1.182400000000000000e+04
1.220800000000000000e+04
1.266300000000000000e+04
1.304400000000000000e+04
1.345400000000000000e+04
1.386400000000000000e+04
1.436400000000000000e+04
1.476500000000000000e+04
1.526500000000000000e+04
1.561400000000000000e+04
1.599200000000000000e+04
1.634500000000000000e+04
1.684500000000000000e+04
1.734500000000000000e+04
1.775300000000000000e+04
1.821700000000000000e+04
1.871700000000000000e+04
1.921300000000000000e+04
1.971300000000000000e+04
2.013000000000000000e+04
2.053300000000000000e+04
2.101400000000000000e+04
2.151400000000000000e+04
2.188300000000000000e+04
2.238300000000000000e+04
2.284300000000000000e+04
2.334300000000000000e+04
2.384300000000000000e+04
2.434300000000000000e+04
2.483100000000000000e+04
2.528000000000000000e+04
2.567500000000000000e+04
2.601600000000000000e+04
2.639100000000000000e+04
2.670500000000000000e+04
2.705400000000000000e+04
2.744000000000000000e+04
2.785500000000000000e+04
2.818000000000000000e+04
2.851200000000000000e+04
2.885500000000000000e+04
2.921500000000000000e+04
2.962700000000000000e+04
3.000800000000000000e+04
3.037800000000000000e+04
3.071300000000000000e+04
3.105800000000000000e+04
3.137700000000000000e+04
3.170700000000000000e+04
3.211100000000000000e+04
3.242800000000000000e+04
3.284800000000000000e+04
3.314800000000000000e+04
3.357200000000000000e+04
3.397300000000000000e+04
3.432600000000000000e+04
3.463100000000000000e+04
3.504000000000000000e+04
3.538300000000000000e+04
3.580200000000000000e+04
3.618600000000000000e+04
3.648200000000000000e+04
3.691300000000000000e+04
3.726000000000000000e+04
3.759000000000000000e+04
3.792700000000000000e+04
3.825200000000000000e+04
3.858800000000000000e+04
3.895400000000000000e+04
3.925600000000000000e+04
3.962200000000000000e+04
3.994200000000000000e+04
4.036400000000000000e+04
4.068200000000000000e+04
4.101600000000000000e+04
4.137800000000000000e+04
4.167100000000000000e+04
4.203900000000000000e+04
4.238300000000000000e+04
4.274800000000000000e+04
4.312000000000000000e+04
4.346100000000000000e+04
4.391700000000000000e+04
4.422600000000000000e+04
4.460400000000000000e+04
4.494900000000000000e+04
4.532900000000000000e+04
4.570000000000000000e+04
4.620000000000000000e+04
4.670000000000000000e+04
4.706800000000000000e+04
4.747600000000000000e+04
4.790600000000000000e+04
4.826700000000000000e+04
4.869300000000000000e+04
4.902000000000000000e+04
4.933600000000000000e+04
4.976000000000000000e+04
5.010100000000000000e+04
5.043900000000000000e+04
5.081100000000000000e+04
5.118100000000000000e+04
5.157700000000000000e+04
5.190900000000000000e+04
5.220500000000000000e+04
5.254700000000000000e+04
5.284800000000000000e+04
5.326300000000000000e+04
5.362500000000000000e+04
5.402000000000000000e+04
5.433300000000000000e+04
5.460100000000000000e+04
5.492400000000000000e+04
5.535000000000000000e+04
5.564500000000000000e+04
5.596500000000000000e+04
5.644400000000000000e+04
5.675100000000000000e+04
5.719200000000000000e+04
5.755100000000000000e+04
5.796700000000000000e+04
5.828500000000000000e+04
5.863000000000000000e+04
5.896600000000000000e+04
5.931000000000000000e+04
5.981000000000000000e+04
6.031000000000000000e+04
6.081000000000000000e+04
6.118800000000000000e+04
6.142900000000000000e+04
6.166500000000000000e+04
6.198800000000000000e+04
6.219900000000000000e+04
6.245100000000000000e+04
6.265900000000000000e+04
6.299200000000000000e+04
6.324000000000000000e+04
6.345400000000000000e+04
6.368400000000000000e+04
6.399700000000000000e+04
6.423100000000000000e+04
6.447400000000000000e+04
6.473200000000000000e+04
6.503200000000000000e+04
6.528300000000000000e+04
6.557500000000000000e+04
6.581300000000000000e+04
6.609600000000000000e+04
6.644300000000000000e+04
6.669400000000000000e+04
6.702500000000000000e+04
6.732200000000000000e+04
6.760200000000000000e+04
6.788800000000000000e+04
6.813300000000000000e+04
6.841000000000000000e+04
6.870200000000000000e+04
6.898900000000000000e+04
6.928400000000000000e+04
6.951600000000000000e+04
6.974600000000000000e+04
6.999900000000000000e+04
7.024800000000000000e+04
7.054500000000000000e+04
7.077900000000000000e+04
7.103900000000000000e+04
7.133400000000000000e+04
7.159800000000000000e+04
7.189200000000000000e+04
7.214700000000000000e+04
7.243800000000000000e+04
7.270400000000000000e+04
7.299100000000000000e+04
7.331200000000000000e+04
7.363400000000000000e+04
7.412100000000000000e+04
7.462100000000000000e+04
7.512100000000000000e+04
7.562100000000000000e+04
7.590900000000000000e+04
7.613800000000000000e+04
7.637800000000000000e+04
7.664300000000000000e+04
7.684500000000000000e+04
7.718300000000000000e+04
7.742500000000000000e+04
7.770700000000000000e+04
7.792700000000000000e+04
7.820600000000000000e+04
7.848300000000000000e+04
7.873500000000000000e+04
7.900300000000000000e+04
7.926500000000000000e+04
7.949900000000000000e+04
7.977500000000000000e+04
8.001100000000000000e+04
8.022200000000000000e+04
8.053500000000000000e+04
8.073900000000000000e+04
8.100600000000000000e+04
8.126800000000000000e+04
8.153100000000000000e+04
8.176200000000000000e+04
8.198500000000000000e+04
8.220500000000000000e+04
8.249500000000000000e+04
8.274900000000000000e+04
8.293800000000000000e+04
8.317500000000000000e+04
8.343100000000000000e+04
8.369000000000000000e+04
8.402600000000000000e+04
8.430400000000000000e+04
8.452700000000000000e+04
8.481300000000000000e+04
8.500400000000000000e+04
8.527800000000000000e+04
8.551600000000000000e+04
8.581200000000000000e+04
8.605400000000000000e+04
8.630200000000000000e+04
8.654600000000000000e+04
8.682100000000000000e+04
8.710700000000000000e+04
8.735300000000000000e+04
8.758200000000000000e+04
8.780900000000000000e+04
8.805100000000000000e+04
8.827900000000000000e+04
8.850500000000000000e+04
8.870700000000000000e+04
8.894400000000000000e+04
8.919200000000000000e+04
8.945700000000000000e+04
8.969500000000000000e+04
8.991200000000000000e+04
9.016300000000000000e+04
9.040800000000000000e+04
9.063800000000000000e+04
9.092400000000000000e+04
9.124400000000000000e+04
9.149000000000000000e+04
9.175600000000000000e+04
9.207100000000000000e+04
9.231100000000000000e+04
9.269400000000000000e+04
9.304300000000000000e+04
9.334800000000000000e+04
9.360700000000000000e+04
9.390500000000000000e+04
9.440500000000000000e+04
9.490500000000000000e+04
9.527500000000000000e+04
9.550000000000000000e+04
9.576300000000000000e+04
9.599300000000000000e+04
9.625500000000000000e+04
9.645600000000000000e+04
9.672300000000000000e+04
9.694100000000000000e+04
9.716900000000000000e+04
9.741000000000000000e+04
9.765500000000000000e+04
9.793400000000000000e+04
9.817100000000000000e+04
9.840600000000000000e+04
9.869200000000000000e+04
9.894800000000000000e+04
9.924900000000000000e+04
9.952700000000000000e+04
9.978100000000000000e+04
